453
7
204
397
27
300
182
340
69
437
89
204
219
370
173
60
275
159
26
446
99
270
386
269
329
447
491
457
80
79
167
459
191
428
448
429
446
425
388
454
157
451
325
443
173
276
211
235
334
475
138
108
155
273
447
63
298
315
456
345
431
498
320
133
272
448
382
495
115
260
76
326
184
42
360
310
223
37
379
191
450
441
322
243
232
189
128
380
412
150
382
71
145
274
282
174
404
185
497
427
272
34
403
42
311
338
90
127
417
377
119
250
334
297
238
370
409
49
186
180
340
292
72
50
381
327
289
330
178
5
378
449
52
374
473
371
461
394
406
0
75
168
303
278
103
307
14
161
132
122
272
391
166
388
15
18
394
122
498
399
322
14
137
70
331
460
212
20
411
168
185
24
486
44
34
367
24
391
425
428
92
479
386
352
320
44
379
267
218
263
495
11
197
498
54
36
369
477
210
66
428
194
323
364
452
198
403
423
382
449
212
143
365
0
460
268
53
162
156
249
160
24
366
98
334
59
265
17
189
20
130
485
413
62
331
478
54
136
61
464
224
201
95
446
11
246
379
6
123
179
165
189
131
351
407
41
406
255
413
48
5
474
424
168
217
386
95
400
240
105
121
158
191
274
350
481
370
245
446
387
387
324
20
321
277
400
20
140
461
155
71
57
248
342
141
468
301
43
129
160
334
178
377
311
430
14
160
221
286
315
141
43
480
431
227
291
317
46
139
123
326
387
199
452
34
196
344
484
436
201
354
28
453
58
308
132
222
183
215
173
322
106
417
450
166
437
87
210
359
237
212
33
170
423
372
490
31
25
389
50
415
236
350
395
147
258
374
416
414
131
485
317
184
406
41
235
490
406
135
430
279
50
361
451
100
366
32
465
315
104
384
120
453
80
404
361
126
92
388
137
455
164
399
37
315
130
17
67
204
458
29
203
196
108
172
185
253
30
369
351
186
213
138
290
339
341
137
27
312
175
425
368
181
331
492
169
36
326
109
445
183
232
271
422
300
447
200
258
124
162
272
499
156
433
66
222
445
243
453
239
258
96
373
269
367
4
362
398
97
59
350
354
436
30
494
449
42
188
385
463
409
165
57
269
305
228
348
313
110
153
272
31
361
314
1
239
425
275
131
434
