6626
2671
3380
6468
8378
4842
7014
1390
3082
431
7737
548
3355
4061
2622
3878
1171
514
243
2786
943
3070
9853
8147
6541
2085
8004
5016
5092
9987
6812
9407
9808
1497
8604
7983
8190
9366
6029
1685
4608
7890
6017
1414
5149
6580
3645
5220
4936
355
5060
5852
1867
2505
7585
1547
4449
1187
1952
5809
429
8405
8282
6238
6106
1306
7356
2185
447
409
2675
8575
7534
5636
6646
9608
394
8874
15
1333
1779
1676
3111
8758
6752
4525
5597
2760
9607
8594
1395
219
9131
8840
9798
3650
8083
4693
1719
996
3715
2055
8491
8943
3177
2745
5563
2124
8391
3732
9
9085
1560
7474
8176
5987
9520
1758
9238
7020
3060
4999
5841
1562
6787
3202
9203
6687
9936
4063
6067
4100
6461
7044
5241
8073
5557
3942
9382
8823
3654
7095
3390
7025
7978
2169
3123
2824
1201
1200
8495
4909
6332
9525
9213
8562
6712
6102
1013
6122
8868
6235
6642
2111
705
1236
994
6738
9270
1727
2297
6924
1709
6389
6994
1891
2574
4740
8340
9353
9701
7959
44
3567
4274
5473
3309
6518
6925
2968
1073
1414
7236
5918
5306
5783
483
8572
953
6589
9871
5783
8906
5377
8991
5636
3978
1721
4999
7
5367
474
8834
8647
2130
9956
2155
9662
7379
6556
1896
5837
4970
2119
9172
6604
1149
8641
2488
9038
5427
6750
8725
418
7707
664
3840
4679
1386
3719
5978
7175
1887
1054
5019
1396
3157
1650
7307
849
2708
9926
1949
5943
8388
385
8792
2215
2624
2129
4227
7263
6323
6009
9548
8470
2273
6950
4180
3297
2324
3183
5339
168
8274
4651
660
3635
9463
5884
6901
5389
9541
9449
7438
9403
9332
1769
9235
6998
8359
395
2599
3171
7133
6083
1047
8772
5809
2383
2896
3096
9167
7207
7454
3341
4546
7235
1426
4038
463
7078
9214
3735
7368
6952
1537
3469
398
914
586
1691
374
4898
8106
3135
5910
4255
9627
8082
7965
5958
5174
2510
4060
7666
5398
9931
2533
8955
4791
4690
5662
1813
9386
659
4738
553
7784
6689
9396
8256
2272
8762
5985
5132
6767
7093
913
6145
5355
340
3162
4192
3548
409
4113
8037
8744
1413
2093
8326
2489
9307
6346
5788
4892
6180
5127
8878
713
7755
2733
4168
5290
6760
5756
5387
5915
8618
1011
558
3404
381
347
7538
9621
1996
6594
6803
8439
7712
9839
2570
8811
2742
1846
127
7401
7518
4218
540
423
2031
650
3437
7020
4537
6490
2228
3920
2019
3343
7160
1714
4050
2374
125
4181
5067
7985
2800
4248
9135
975
377
6337
9941
4119
9666
7989
9174
5953
5143
9286
4882
7249
7059
4922
6480
2033
6250
9459
8738
7498
7190
5633
5463
8702
3848
480
1273
1173
9984
5759
231
2689
9880
7647
3614
7856
8698
6851
2016
3631
2242
1658
9974
8598
3423
247
7617
995
1714
2697
7964
1542
5225
7148
7966
4886
4950
9547
6924
943
9543
6767
779
793
8235
6217
4051
9718
6938
4616
8735
1543
3603
8552
9792
4667
3283
4151
3249
2294
9649
597
1254
3626
7511
5687
3198
3636
6586
6776
551
5989
2250
5117
464
6843
7221
8707
362
3228
247
856
3847
2607
7180
1538
9365
4087
2245
176
3172
6668
8825
4283
290
6375
2291
8792
2889
7242
377
9741
9070
4507
6524
2269
1626
1339
2347
6562
2101
3606
9683
5142
878
1113
5218
3502
1255
4347
7033
9252
3949
3306
2782
3103
3254
515
8577
4481
2419
9694
4871
4445
8005
6419
2962
3731
5692
109
9730
1577
2186
969
852
3415
1381
538
5832
7807
6476
8605
209
9064
9425
5156
3094
5334
6212
9394
5045
8903
8881
3810
1111
4684
5840
4612
8223
162
4986
4068
123
3612
9387
3592
9693
5135
9395
8231
9780
2297
8550
5105
3155
9711
227
2990
5027
2882
1234
23
1012
1213
71
5355
7823
9854
6899
6303
4567
6638
921
7574
3565
4031
1294
2120
1267
3041
4889
7986
6936
4544
9851
4138
322
1966
5160
9100
4730
5337
3171
1510
8481
9016
3400
5821
5585
4919
3762
986
8622
2589
2973
9205
5499
470
3893
3964
5112
866
1838
3968
5257
7465
5549
460
8098
3465
9699
7858
6239
5309
5866
4340
736
8460
5736
6652
626
2476
4689
3657
8632
3409
521
5862
8232
3557
2694
6760
8066
5541
4340
9813
7691
6054
8082
7579
1176
6675
969
4148
6
5828
6221
8116
8486
2188
460
4972
8421
623
2340
5679
2698
174
6289
6333
6585
497
8708
1073
8117
2896
9119
6372
4273
1789
3820
4925
1895
6689
766
5014
3010
6322
8495
2859
9718
6285
856
3457
688
6582
6559
1888
5495
7386
9002
2895
6978
5197
5715
2283
6787
3124
9860
995
8529
6385
3777
531
7907
4311
2228
5531
392
8761
9172
3228
5348
1683
1663
8878
4757
4228
3990
608
4228
7735
3176
4142
5302
8780
3590
4296
9730
5288
1430
5445
7165
8630
2995
7427
5521
856
4690
601
3260
8878
5839
1835
8581
5377
6022
4921
6473
7501
7165
5573
7523
3273
9886
1262
7291
8532
5491
5278
5845
7118
5946
765
8794
4224
3032
128
6900
1897
2986
8258
7074
9302
6502
1837
9115
572
3408
964
4528
1253
9480
3328
5450
9014
8321
1077
9555
873
6509
7905
7440
3723
4260
6320
1228
8691
3939
4831
6464
2590
5888
795
9854
5875
3852
4021
4716
2168
9186
9477
9134
4321
7884
7143
7885
95
1012
1574
2179
6413
3608
4340
552
6194
103
3891
3334
6004
3112
7011
4921
314
2649
7272
963
2379
2677
6823
7628
2120
3391
8686
2262
7459
1451
3693
7646
8811
1740
3269
3742
5269
552
9387
7376
1001
5191
4184
2765
4870
6346
5424
4260
3362
425
5725
2422
7489
5061
7320
7533
9201
5724
9268
8573
6081
9434
8951
9283
8716
8876
7653
3434
118
2353
1066
5212
9153
9689
3812
2709
4380
8335
7979
6596
7753
8051
6766
9035
1898
2240
5836
3701
9447
7884
9835
4135
5150
7086
7800
1679
3191
457
6060
4649
3027
9175
4903
3745
753
1745
1979
50
844
3738
2376
4237
4821
5292
6879
9157
2264
1546
7189
5687
4781
3060
2919
6904
1710
9
21
3606
9328
4823
7244
2032
1792
6237
99
8962
2139
1570
1281
7960
1401
9455
4841
3475
9495
1015
9460
5226
7217
4599
6378
1336
5032
1815
2460
4051
5797
8992
128
3101
2490
9209
1050
947
7473
4938
3076
6355
4644
7297
9034
3546
2344
6530
9988
411
8550
3320
4609
5868
8167
8699
5356
8747
7996
4314
5438
926
4519
7960
8992
6135
9034
9443
8906
6742
4954
1727
6541
6984
6895
785
4730
6286
6107
6903
1597
4280
5892
2245
3145
9536
1488
2298
7217
1076
316
1521
5824
8875
7225
1459
8358
5464
3347
6650
5808
5500
6591
8337
9571
4710
7905
6151
6004
6101
5672
8850
5335
5519
4982
5231
8306
6074
2671
840
4861
7063
5469
3807
1864
8222
7486
7159
5401
6069
7515
2353
2784
5530
6997
3284
3225
3584
8990
9190
8030
342
6689
1047
646
3090
6672
4365
8142
749
3608
3977
3538
5336
4323
9352
265
5517
7113
6806
4634
9008
3540
4238
5438
340
8207
2956
3524
2762
3897
1283
3434
2292
7148
8842
2687
1143
4037
4480
6547
5407
9279
7745
7895
6204
3745
8065
9942
6059
6864
4214
2687
7151
4546
8418
2974
2350
1521
3981
6310
1576
4119
1489
9038
3042
9100
7263
6261
4929
5338
3983
259
6418
7433
4468
5581
7350
8732
4606
7268
2459
246
2521
4907
390
2186
7907
7764
3499
3247
5179
3126
3887
9580
8533
5004
437
5349
7306
621
5109
450
3836
5571
3531
4968
5734
2666
2299
9751
1266
3704
6594
7536
245
5763
5431
2080
6645
8227
8481
8061
2554
6262
1778
43
4754
7289
4081
9148
1663
9914
2262
5298
1963
9127
6462
5554
2284
1026
9262
7383
4546
4804
1363
3840
3084
1082
3192
2760
2427
6721
4866
8159
8463
2938
6646
8249
2525
2377
6474
7779
5362
32
6136
6238
7585
9363
5902
9354
8728
9416
7347
7584
769
6205
5716
1964
8980
437
1708
9941
3642
1680
9379
7194
9356
5142
6925
1066
6282
9904
3859
9280
6103
8276
1455
554
2849
8395
512
3988
2479
992
3838
6822
6212
7335
5015
7430
6224
7719
296
6059
309
5717
2135
5536
6630
3055
4157
4129
796
6626
7793
6694
8434
1305
2112
3257
1696
2659
8328
3956
1158
6399
6387
5388
6270
342
7377
5604
5764
5508
7471
6080
1633
1493
548
8439
8882
2249
1097
4499
1287
3811
1832
8041
1272
4020
9213
8239
1426
478
5098
6831
8671
2360
5207
7623
4676
1213
758
8265
1971
3169
9045
3158
4337
4610
2140
114
914
2838
8166
5988
7072
3143
5292
2189
5739
5912
2925
1138
554
146
7850
1431
9903
5839
5581
5850
8921
3410
4250
1338
9363
369
110
450
90
1457
1620
2597
4028
8636
4646
615
5291
5233
7665
2198
5280
4697
5457
7492
7613
4929
4571
3714
9483
1945
8746
2170
7618
1928
4720
3017
7095
9049
7198
3847
9247
422
4032
4869
5074
1903
1999
4497
3579
5703
9978
793
1628
9996
7855
1674
3534
1297
5474
7475
3621
3625
5664
2075
5010
690
238
5756
5507
2572
9738
730
8277
8997
8643
2420
9369
6338
3557
6342
1877
1979
5996
2616
4929
6308
1578
7463
2145
5012
243
1694
627
8884
2821
8753
6350
8614
5318
7701
571
7790
5333
9647
9727
5201
9731
1544
9670
1081
9162
9433
3308
1443
1307
4841
5956
6854
230
8576
4380
4095
8882
2823
8263
8845
2797
4495
1498
6294
2957
8122
8627
2660
4340
3433
6002
6656
6338
6771
8188
249
2548
5279
7716
6513
8475
5503
3418
357
1496
7065
8704
9654
6658
4530
471
2393
5914
1161
9385
9479
2950
4862
8895
4753
2858
4893
4738
3973
1637
1275
7246
6181
6358
3452
6979
2154
207
6542
4421
5045
5698
5445
6084
8045
7929
7924
9174
1658
8434
1269
4223
461
3478
3077
5458
4506
2187
2399
690
3683
1263
2179
9458
8226
853
2275
6746
1010
6700
8218
3435
8299
4443
1161
1417
88
5257
992
167
8679
8296
21
3521
844
9794
3427
2434
1250
2235
6162
9222
2655
8550
2479
2890
9827
2020
7465
9840
2029
5590
6472
878
9994
5060
6537
2902
667
9991
4873
4784
9249
5520
3374
675
7640
6171
6829
8611
9261
2334
9019
6308
7582
3196
2468
1164
204
2551
4321
7015
1311
6081
586
8452
7719
4195
5784
9756
9034
2598
3125
1171
2415
2863
8803
6536
741
3208
9606
3511
368
2233
7886
9309
2306
4262
6820
2187
7042
2098
3409
7619
780
9201
8518
4911
6629
8955
7371
3410
6792
8236
8503
2294
930
2072
473
4612
4663
4732
737
7395
1983
1567
9726
5911
2928
9176
1189
2762
1065
521
4251
5737
152
4249
4287
8581
360
7328
9798
570
2811
2075
5572
2604
3584
4047
2388
9965
721
9114
1268
7275
8988
325
3600
2198
7100
2597
7162
895
2563
5825
8867
8924
4022
302
7497
3145
6453
4278
4620
8936
8773
3384
4606
8729
2268
1896
535
7012
9833
199
8514
6867
7405
9549
3576
2397
2042
4003
7671
3965
5222
3197
3454
1617
8476
5796
2344
3694
8367
1570
8290
6561
9644
4903
4715
3297
7131
1416
7607
4688
337
871
3376
1615
6374
5053
6089
1425
6750
7828
1712
9192
4598
4274
2480
188
1052
4111
4976
6058
4715
7047
8540
7497
6658
8267
1085
2903
5664
3650
4824
7922
95
4349
6096
3187
6634
2057
4264
4629
1979
5165
329
1732
9430
8450
109
8080
3067
3458
8582
3808
4140
3994
525
8387
764
1897
4282
7329
9872
9467
1869
9057
773
1775
4184
6212
2605
6611
457
8446
8071
4242
6503
5061
3018
7939
6744
3537
8814
3843
8716
9236
2951
2525
7386
4051
222
8710
5301
9250
7246
6085
8395
6526
5592
3055
3370
9076
3796
7009
7647
4607
8789
6102
7244
878
3782
5817
1013
1060
2519
3732
7992
377
2863
8486
7991
7662
3372
9811
2803
5198
6430
4806
934
1712
3852
7522
8844
7912
6162
7382
7983
8909
3816
7438
8654
5765
2240
1590
5242
4509
3259
3674
317
6469
3384
728
6263
6264
3674
6263
7862
7961
85
689
3265
4825
4197
9740
7761
6405
907
7766
8413
5419
8213
5662
2240
9245
9049
6800
7049
5823
2094
5288
7071
5803
2423
360
9583
7236
8972
6821
5491
7527
2566
4251
9361
8957
4791
7824
4733
3373
2420
7990
9948
2414
2417
314
6086
3066
1239
5562
919
3503
1620
724
130
5663
8831
9321
7826
5639
2214
1856
6383
3340
3862
1590
8025
3169
470
4211
2245
8885
9057
3689
3889
1994
1774
4950
6341
128
5853
6088
6839
8464
7872
5600
6011
1957
4116
9167
534
6020
859
3389
7181
9820
9288
4648
6463
5624
9382
4346
4987
4498
9412
8723
7087
8722
7697
8885
6255
9220
3664
6079
2430
8967
6408
7137
9436
5521
2443
942
3900
2400
4097
8464
7457
6715
7200
4485
9189
231
4842
6054
5349
9318
8739
1609
5244
2762
110
6844
4730
9272
4771
6514
4976
9959
4383
9291
8155
6103
2503
4315
6715
6494
7930
5932
6031
4477
3411
6447
2223
4274
1272
5902
7542
2903
7202
7405
3353
1223
5033
6447
1336
4961
1563
6485
8704
677
9512
5777
6235
9627
4029
633
4357
2099
6188
230
4939
1079
4564
2012
1682
2252
754
6228
994
4919
9220
917
8653
6701
1829
4674
1919
9123
1802
2909
2915
4900
2328
5640
4016
3009
768
8764
4447
3250
6697
9507
42
7243
1736
1695
482
714
974
9166
3197
7996
6413
2645
6250
3087
7352
7577
5138
7330
8135
5740
8061
5689
5316
4005
3838
2253
9861
1336
4205
4080
2438
1557
7390
7710
418
861
9315
1183
6478
8638
7483
6393
7986
4159
9141
6818
6917
8967
5941
9410
2180
9832
9026
9255
8990
4297
4313
2691
6863
1874
1218
1376
1511
9648
1773
1044
5190
9432
1272
4895
8615
5688
8240
1505
8486
825
5249
3497
7711
4113
5517
3944
7877
6069
4597
611
2971
6731
1190
615
4338
445
9698
3559
7616
2506
9130
5345
2537
8966
7094
3872
557
850
2945
2378
8286
294
4515
905
924
7947
1692
5110
9422
7253
2250
3633
9535
6365
6760
8941
3395
2221
6371
4937
2869
3237
2089
3450
4830
9163
9472
9203
3828
782
8929
4679
6029
6587
3823
1973
7118
8280
5000
881
3860
9630
2775
1268
6750
1077
2338
7914
5269
3479
1847
9209
3018
662
6670
7681
8810
8089
6219
3919
8976
9249
6964
3051
1223
9819
1033
4962
5738
7054
6948
7902
4619
9155
8446
1920
4780
3701
4570
656
7485
6862
2707
11
4050
3105
4814
4091
5104
8070
8843
8469
1269
7775
8638
6396
2193
7994
6980
9139
4340
4959
9492
1487
9701
7049
7395
442
4733
3953
5876
8356
2894
4214
3402
7060
7555
2009
9835
5309
3317
4597
3636
8092
662
4284
547
7341
7950
9852
1861
5773
8304
9376
236
7721
953
4691
7756
5430
5140
4655
6834
2186
588
6788
2641
2168
3951
2484
6891
8409
8027
4426
8985
5493
7737
6011
519
1250
7315
9781
3359
163
3794
8517
8016
3377
5960
9557
3658
6535
7335
3137
3529
5671
8748
2074
9596
8026
6108
6372
17
3157
5897
8458
8031
7
128
3922
1471
6462
9939
1082
919
3450
4974
7937
3268
5225
3864
8611
4532
6194
7512
6956
8846
3789
7473
5310
3518
9567
8252
4142
3105
3379
7328
7576
3897
3828
9521
7875
125
5015
5650
3054
2705
2757
1640
3258
7837
823
8396
8402
9900
5962
3228
4788
5892
4418
976
9492
8845
4570
7028
4710
2175
6137
5463
9496
9324
2016
1966
6946
4183
9312
3813
1974
464
3945
6643
1602
2398
5981
8345
4244
183
100
1992
4333
2543
2856
572
3582
5466
4960
5960
3135
7935
4841
4447
7759
8876
528
2284
6725
6240
7261
5599
357
7081
3386
6437
3838
3195
881
4434
3408
4889
9043
638
7291
131
9508
8793
1122
4364
52
4076
5438
5862
3817
6798
9024
9196
9768
8143
9182
4268
7010
1685
1999
5808
1659
4928
945
9224
5702
9036
3863
2213
5660
8691
2161
4068
6187
4428
4323
3125
6027
9572
343
6695
460
5447
2383
2785
4411
8347
6690
8032
5811
1914
5304
168
9792
3418
1185
6841
7599
5946
3263
2384
2338
1435
3300
9430
159
440
3029
3049
872
7636
9902
7157
4245
7583
9808
639
9565
3380
3205
6526
4580
4162
5908
1078
7422
1829
3280
2114
9906
3937
6315
7006
6266
3578
8616
4142
6694
1874
7405
6270
4736
736
1639
3798
7114
601
4968
1242
627
2990
4187
1356
4009
7746
8664
4766
1737
614
6627
7896
9026
7539
5903
258
5543
3316
9056
6047
8531
4877
2782
1622
9398
3883
4165
9757
1390
3370
2234
4773
8401
2381
856
317
22
5213
2439
7651
3748
3137
7646
4046
9090
9031
6384
8929
7134
7116
5794
3932
6553
2062
9052
1477
3967
6827
5134
2895
4740
7717
8650
6244
7098
6260
1423
7732
3360
7736
8870
6746
2644
7658
9509
6967
4184
7518
9680
526
8354
3016
4608
9867
3742
4391
1404
4625
1583
5938
6307
4142
6194
7246
5148
6813
4899
5273
3013
1352
5113
1590
1223
1607
2876
4517
9771
5001
4807
3822
2486
6702
8440
5578
8095
5360
6677
3999
8305
9164
8696
198
4747
6144
5547
8954
2485
2946
911
7455
8798
1530
7078
6476
1680
9789
8513
6438
1381
3128
963
7051
2867
8405
4
6664
7650
1533
2209
6231
5295
8746
9009
8633
6393
4135
4899
9468
4792
1063
2115
6665
9341
3327
9947
332
1557
2225
3846
385
9831
6230
3952
7784
557
2567
1385
3268
6111
551
7096
869
7098
5185
9036
2928
9408
4281
3326
8680
2185
2866
2930
8748
8344
8060
5500
7885
7112
6567
448
5369
6389
3560
4914
1193
295
9703
779
1171
5576
931
6317
3389
1767
5346
4686
5007
7349
7897
1104
7059
173
5061
3953
1964
6241
1539
5566
8256
1135
3154
482
3572
2882
3523
7484
6771
1685
4938
9503
6601
3186
6804
4612
9042
6793
1588
5002
2490
2908
4076
2605
353
7
2612
2371
1501
781
2586
5107
3740
7277
3543
9985
9172
8099
6010
8964
5289
3739
3459
5145
59
8433
8494
8336
4408
6436
249
2324
9253
5945
9012
7673
5269
7467
2740
1549
963
2064
1876
4784
3986
2054
5306
2176
6031
204
9649
3837
2239
7006
343
9260
858
1129
5973
3239
8804
9132
1798
5025
3732
8575
7510
8024
1603
8253
2441
9587
7122
8893
5654
5754
4872
4191
8446
2500
6727
6305
6604
395
6874
6737
1162
7789
2077
1853
109
6332
6937
5174
8095
7605
6923
7251
9303
5086
2639
5330
9463
8807
4222
4185
6130
5827
5617
5963
8088
6401
4913
2502
6751
8642
4893
3513
5199
4127
9735
354
7610
1795
6012
3653
3191
2547
9069
4601
4714
8959
2942
1933
449
9760
731
1816
1213
577
9634
3086
8779
3418
9969
2030
3182
2375
2141
4088
4859
9511
9804
4540
5649
6384
9359
1438
307
7520
1456
9205
4451
1647
7940
3010
2540
4256
6588
1454
7404
9446
8222
7293
2364
3075
9563
5774
6958
5244
5725
4292
4034
1464
2975
8367
7477
9815
9241
5059
8694
2703
6886
5947
7670
4242
1028
3142
4844
220
1015
9423
3778
4104
1514
9338
175
737
3571
9802
6834
9110
6018
7552
3608
503
2790
1263
3002
188
636
7338
326
4277
6212
8078
6871
2716
5170
188
8900
3815
5406
5790
1843
5321
2393
2939
3384
9848
7661
2694
2014
2729
9727
8993
4976
7607
8691
9967
4260
4259
556
7862
4708
4389
2607
3379
3083
8737
9186
3656
3481
9605
3959
3841
1075
2223
9423
9012
5786
4011
1069
2598
1510
5561
1272
7178
1646
6301
1627
6628
3831
3696
1997
5500
4343
6468
2825
6622
4916
853
9609
5966
4734
8123
4100
1993
6678
3708
4513
8263
4746
1934
3094
1245
3006
970
3218
8591
1560
1036
8227
3778
1799
5367
8948
2879
1009
4182
5271
4371
4392
7997
6155
6675
6201
8765
8170
3773
3025
8470
1602
7610
1051
3159
8254
4176
1034
5361
3248
9764
1136
7353
1981
8140
9433
3836
4965
9251
7415
3038
5053
1365
282
1467
9243
4186
2283
8078
317
4688
8374
3664
6183
2240
5858
5575
6631
9683
6415
2240
9382
9438
3690
2936
3950
8872
3983
7076
226
2748
2252
7520
431
8554
3630
8420
7485
3943
2539
9043
6657
677
6219
1229
3267
6094
6675
213
5590
8554
4191
6812
2553
128
4044
7740
474
856
3855
7089
7570
2655
3317
5329
1664
8932
2680
7485
4390
6943
9419
4799
4986
897
5203
3811
5370
7047
5842
1458
3856
648
9184
6314
4717
7150
4920
6777
5940
2305
2316
104
4166
3902
1462
4453
8550
1383
2557
3864
2457
1077
5888
3239
2348
5720
4722
9141
5985
4159
9810
9957
7079
6866
3557
7228
676
2332
2114
6564
1490
7671
4154
5325
4196
7936
5187
8287
9412
1513
6367
6826
7306
3613
141
8878
8634
702
860
3206
9547
8682
1047
7295
8480
1596
8482
8375
2741
3423
640
7873
1607
3789
1822
3253
6095
7558
8895
5347
3373
5884
932
7496
1902
8395
2088
2889
1562
1430
5429
5532
3372
1724
4263
8903
9087
9610
5115
4400
6385
9130
9636
7555
6646
1337
8170
2562
6332
8278
3550
8918
6791
2310
2991
9844
3640
9716
7746
8523
2270
8805
5218
6762
4073
2026
3492
4959
343
7088
2245
8777
5918
3505
5426
6671
3253
8701
5028
2905
463
8915
54
2108
260
1784
9348
1172
2349
9835
2706
1993
1356
2367
7990
3892
5126
6743
7155
5995
5502
7089
7971
8168
1280
7721
7119
5928
3414
8334
9310
3567
2474
9777
5145
8376
5193
5529
2647
9434
1152
8708
7146
8743
2822
7016
7876
6046
2566
5992
7495
1104
551
98
1576
9935
249
1189
4815
2835
3166
3759
4974
3446
5187
7269
4492
4767
8266
3676
5804
2764
1078
1956
8159
2472
9409
2116
4690
476
4541
2160
7301
8818
6629
775
4026
68
2608
8313
4006
9811
3714
9062
4263
7844
8814
3361
3714
3188
2731
3652
3960
8540
5698
4557
7156
9552
7601
5878
7220
9234
6288
403
1697
1668
5758
3428
5004
1562
4422
6345
3527
6717
6660
9029
4798
8459
5165
9740
7536
8172
3008
3734
9422
3712
4920
9269
9166
660
4955
6723
9500
2420
9778
1893
46
2474
1572
1932
8578
1316
5105
762
1463
5284
713
7185
8789
2769
7319
3975
6058
3626
4381
4662
5201
4795
829
8880
6401
3336
8864
8031
2959
5622
9863
2026
3873
665
7021
2836
9057
328
9061
2559
8250
5261
4388
2718
1618
2152
9389
6856
6323
1347
5030
1704
599
880
1604
480
2640
2703
7783
814
1538
7708
2260
5031
4766
3973
5307
4800
8171
2393
3876
4956
3267
9627
5595
8000
775
342
5541
1618
7360
5002
5870
3023
9843
9845
3841
9931
2016
286
99
7075
7960
1866
732
2463
9368
1921
2259
2980
3398
9626
8517
8374
2151
8003
1809
5002
5114
6029
8979
4457
9701
6820
7323
3088
3850
8637
9433
1988
373
6520
3704
5556
3237
1460
4356
5527
580
7522
7481
7044
3013
7441
4409
224
3129
888
2538
9601
686
8499
7466
5057
1893
7861
2943
4143
3966
2172
8959
4272
1026
2177
1465
7347
6253
1966
3983
2225
7734
7931
8689
8723
3228
113
5590
2158
9486
2095
5081
1945
663
5659
9774
1103
677
3696
928
3664
7077
8069
5992
9602
396
7263
9964
2949
6580
3133
6897
7267
5681
8848
9423
3814
5711
2030
6336
9300
4698
2956
6355
5782
4554
5096
5956
4694
5449
9209
7888
2582
7281
4590
1559
8526
8039
2339
5203
4605
1150
6275
799
8689
1098
4231
1702
6545
6242
8588
8794
5175
5585
9186
9645
5611
6905
8352
3951
4507
2612
7861
2388
3143
1640
4410
4113
7512
6550
8276
9699
5617
4848
4629
9501
3709
4869
3266
9356
4616
106
3838
6216
5914
710
6949
3897
9966
8954
1990
2723
4448
4347
2776
8864
3877
605
8893
7769
8277
3982
3011
9248
3043
6973
8711
4301
2941
9925
8325
8179
4030
6857
4010
5247
8273
6926
3210
7948
8049
3407
1758
6325
3467
5377
5941
4008
1509
757
9963
3347
888
8963
6615
8367
1976
3385
3918
853
3956
3407
5461
6641
9
885
2371
4882
5169
3868
8117
810
8040
414
1788
840
6448
6044
3825
7312
2682
466
5176
2276
8005
4680
5378
8114
499
8984
4892
1577
7670
502
6821
3544
9451
1345
9965
9765
428
2005
3561
5255
9577
2891
7827
6849
8017
5134
9215
3948
9914
7737
5112
7759
9376
9090
8536
1773
2442
7758
6726
860
9624
32
3850
3405
9480
4241
4988
9341
5657
6877
9051
4631
8710
8568
7273
995
2036
8075
9475
2751
6423
7455
1951
7049
6398
1413
5102
6438
5535
1407
9281
4050
3133
1582
6055
8789
6726
1178
9796
4989
6313
5943
238
3790
6357
3290
6881
499
7644
5016
3859
9247
6134
5271
1313
981
6114
4724
6840
3392
9127
9056
4687
3696
5449
6279
433
5074
1735
9310
2089
2890
722
4329
1111
8911
8152
9142
8223
5828
6397
5081
7104
5663
8907
8197
1762
3671
6224
1316
6889
2639
822
3779
678
6873
5921
45
9292
2873
5889
802
4544
6887
5718
7764
7897
368
2387
990
5287
7130
6908
2274
3985
7746
937
2781
2038
4068
5757
2264
885
7046
1984
222
4392
8946
7975
4021
6027
4765
7094
9707
3211
9657
6044
1727
8521
5427
300
9880
6301
5306
9628
4982
6487
2221
5798
6339
2305
4831
5116
2470
8193
8875
7448
8084
6603
8285
4049
3011
3763
2516
3514
1996
8959
2115
2133
2236
4586
3182
7957
4711
5813
8599
6433
5242
1001
1045
772
3884
8536
7789
8017
8143
5761
9568
451
5881
8177
4721
4339
2026
2887
3889
7843
441
2144
7481
9079
3791
6209
4595
1571
9008
2755
6534
4943
6065
3673
3596
6408
938
1981
6593
5504
6122
9256
7338
2837
7745
9664
8128
1199
5327
4155
3720
8659
2518
1266
9936
4805
2622
5858
3143
8874
5029
3483
5849
2107
8656
235
1079
6901
2867
5301
2303
222
5625
5067
8957
7650
1441
8651
7918
1019
3557
7172
940
575
8568
4858
8875
5763
1659
3023
6798
5678
8379
8786
9063
2520
3099
1300
6154
3697
1978
2836
9004
4398
3601
1341
9341
5118
5771
2005
3615
2682
2561
2422
9730
4171
401
4650
6814
2790
4346
1679
2492
4034
4679
5994
2450
1546
7990
9415
5721
8974
8435
367
2220
3620
8054
6370
750
4796
7445
2244
3624
5265
7463
6100
399
5659
983
7383
190
4481
5713
4916
8277
6523
1068
4120
1118
2230
3540
4297
695
593
4226
6184
7489
3381
363
2240
724
9217
34
7963
7789
4211
314
4851
7093
802
7261
1542
6511
3432
2274
7778
7021
1069
6254
6800
7151
8767
6458
7118
3530
8686
6604
4484
2561
1411
3829
4056
5171
2753
9558
8269
1792
260
9360
470
9705
4101
3255
7321
8051
3647
1905
1870
3336
3900
1745
2855
9434
2009
1819
4729
1781
7353
9987
4536
7040
9269
7431
2689
5471
4816
3237
9520
4408
6984
3626
8290
8143
7640
2521
581
2849
1755
2548
5324
9209
6556
7977
3711
1011
1529
364
8479
6715
709
7213
6758
241
4988
4182
2957
9915
8145
5684
3351
1174
7427
3727
9051
7147
9791
5591
8143
3994
4799
8173
2911
5702
3744
4331
1149
3661
9713
7377
5667
3377
519
2077
9988
3672
9582
918
2752
1997
4265
1909
4310
928
1930
6225
2691
2529
8046
3957
8137
9876
7248
8992
444
6865
4429
8633
7446
1772
5127
3341
3705
8524
8051
5815
3892
1850
1086
7274
1135
71
380
4126
5953
4170
3424
7733
9281
6197
3592
4440
7929
6371
2000
7171
3910
2560
9175
9609
300
1668
3311
3477
2455
830
2109
2047
8924
8554
2320
4343
4653
5886
606
9010
1132
5223
2026
8110
7271
2474
962
9283
8033
4569
6837
9479
1138
3493
8018
2462
4756
7402
619
9869
4670
5324
344
6601
4942
2364
3496
1441
879
2599
5123
7941
6283
6235
5211
2449
3481
1574
4704
2986
1847
8573
9458
867
1715
7733
4465
1052
2611
2130
3617
712
6517
5626
2282
6746
336
4933
427
4572
985
1652
2718
5691
3426
1322
1063
2162
5820
7883
7734
7569
8542
8816
8908
4153
9566
1460
2986
8615
2459
415
1380
1339
653
9468
7381
709
4148
9352
4748
2875
5070
4554
1252
9512
1701
2553
4274
5796
2324
8111
1991
9980
7305
56
6405
7806
5542
9302
7903
612
7234
709
9016
4938
5741
3782
1166
253
6944
1386
2575
4066
2882
2701
569
2081
4728
9724
624
716
4692
9780
776
767
8398
4889
6339
6326
4432
9727
2132
7877
8730
521
8562
8696
4998
2252
7336
8136
3863
5262
9641
3399
6347
4800
5217
9432
5743
8326
2582
3694
7329
1343
7165
3007
16
3685
9242
2228
7519
2851
4751
960
6921
2702
5557
3418
7407
545
4297
3081
1693
9625
8509
6892
186
5865
7727
7219
8558
1307
3255
8589
1694
8180
3978
6143
210
1011
1404
6173
6856
9654
8274
7592
5314
4424
2181
5732
8090
2251
7667
5173
2853
750
7807
9157
6245
5819
9001
5605
8057
3616
520
3070
7103
5495
9827
2786
8266
3044
8239
4100
2254
3611
8419
2161
5688
1868
7015
6473
4859
7900
2619
526
5157
9569
708
8200
3200
4953
6545
1666
4756
4056
443
4181
490
6412
5899
5022
9243
9598
4278
3455
1878
8200
8163
2911
641
5709
1230
6254
5831
3754
5973
26
2000
5143
3662
8327
2542
9129
6171
1246
1603
55
70
245
2608
5895
583
3671
3513
7141
7861
2767
8260
3295
649
1142
1040
432
5998
1799
498
3799
3396
7339
3050
9923
9796
1111
3732
1693
5197
5614
4842
7858
317
4323
8616
4460
6587
6111
5816
7356
8817
9387
2507
2853
1784
9899
7512
104
9163
2039
9039
8680
8253
9239
9831
1593
7143
4331
8325
7978
3561
1220
4414
2924
3634
6706
9683
6894
9675
9771
3771
1303
6237
8805
9343
9599
6275
1136
5215
1498
298
3347
626
5137
7444
9665
4506
2238
8844
3560
9622
3813
6581
614
3825
2106
5563
856
872
8755
714
6064
7800
5339
6541
3890
3046
2063
1615
5899
9800
4488
7726
4399
912
7782
9709
2446
1801
9366
9944
2673
3050
8240
6435
2807
9560
2383
923
1079
729
1645
8398
929
1442
2763
8118
4901
8801
266
768
6623
1127
7225
5819
4766
9325
5163
5516
1536
6823
2500
8846
8764
310
3216
6231
7627
9144
6912
9430
9059
3754
1810
809
6514
7549
9931
7883
9283
4966
228
2937
2576
6544
6686
1558
3141
2844
8036
8468
5196
4136
6220
7267
9627
2494
1033
2807
214
3203
9264
7713
6721
8112
900
368
9719
8525
2560
5360
7776
4393
7121
7632
2
4487
7662
3937
3751
5122
8276
1947
6871
6512
6066
4842
6594
3189
7774
4805
5164
1599
1587
5343
4293
5262
2072
1270
3636
7974
9325
6105
6656
1117
8068
327
9994
9535
8058
8306
1722
1954
129
1859
3652
9395
7115
7639
2646
687
37
7734
6226
30
6238
916
1059
7673
18
2065
4781
860
3767
3467
9942
8007
4659
2371
2010
2382
2504
2477
2720
1281
5614
32
3207
9510
2843
1326
9515
993
6737
2414
9162
9765
1332
2965
1310
5621
9030
723
7943
4132
5377
5913
438
714
3089
6136
4184
6535
7003
9652
5325
8594
3214
3720
2884
7547
1125
9188
1829
879
6885
4049
8538
5017
841
3748
1227
7605
3240
2273
5877
3280
6160
9303
9798
3403
4145
5353
3863
1006
9048
6781
8630
1466
4374
9389
7279
2167
3229
8443
5783
6332
7047
9282
9301
8156
6594
9639
5421
8909
3004
558
9323
1941
8263
8249
6600
5373
1768
6108
8459
9735
8786
3243
8783
7596
9627
1684
3389
2542
7367
9530
8502
5516
1113
3878
1471
8804
1299
5330
4410
6482
7109
800
925
9319
1674
3236
1569
5813
4027
9363
1256
4167
1182
7923
1836
1037
2527
9505
2464
6932
9577
8274
8150
2660
7872
1905
8813
8052
5230
3687
931
6552
6665
8169
7711
4298
158
5195
1748
1335
5500
1443
3747
800
8159
952
6352
304
4167
7128
4862
6974
5636
1977
4858
920
1024
6615
4945
6687
3130
3084
4367
1266
1978
686
3829
5491
1846
6659
7222
5157
9376
7935
222
1895
3753
3838
5024
9946
6311
7037
8890
7054
3966
146
6055
3467
5101
4588
7217
2891
984
4964
3184
7125
2062
8259
900
7156
1718
5774
7739
7318
3659
4477
4431
4800
65
2633
639
3999
4290
6979
9944
9529
5914
8193
720
9090
1003
5091
5311
1355
5854
6052
2651
5268
2663
9564
6862
5522
2387
2434
9174
4764
609
8383
4713
783
3386
4766
9298
3970
5822
4015
1756
4899
8781
6858
4394
9536
6750
1073
3841
4578
5583
6335
6115
7076
2202
604
7849
9217
1233
9026
1660
7755
1366
1626
9568
8840
6793
3503
4205
343
2158
8325
3467
3361
7178
2578
1353
3258
7722
8890
3450
54
2368
6281
1549
2568
3659
2873
5848
9158
5970
4243
8497
5465
6510
8306
632
9008
6433
7971
8595
3203
8934
6840
4215
9429
9013
6412
1185
9955
3875
4258
4959
6106
6340
6054
6125
6005
719
4132
4799
6195
1037
6103
4024
5047
1676
6298
2437
649
2390
3371
8425
3802
4761
2862
8966
9829
3331
8509
645
8816
6572
9644
130
2674
6528
9498
2535
1454
7031
2452
4370
8222
7811
6964
7686
3435
182
6792
8892
7544
4317
7837
8531
8639
4108
8201
2923
1747
1015
7351
3562
1205
507
6941
7368
1570
7367
7418
510
3800
6218
972
1222
2329
3082
6110
9758
9209
574
1902
2639
5250
2457
3948
4213
6503
1444
6030
1514
3285
8294
80
1555
6100
5234
761
7686
861
1645
1033
8326
2423
9451
9695
1597
4538
278
8791
6102
8820
3081
2753
1268
6073
2495
6876
3458
8837
8851
1536
6391
8989
3923
9484
917
3636
1798
8772
4655
2377
5351
2028
9509
2206
4718
3298
4109
115
4473
4613
2688
3841
988
2932
8286
915
4978
7202
9998
9422
5854
8821
6054
9345
2003
1933
3012
4087
4508
6306
39
6041
6249
6422
8573
7089
1910
2441
3849
6874
1114
2491
1856
4451
3609
7005
2577
6962
5734
4000
8079
6565
6233
5599
3308
8051
6585
2937
9075
1441
6726
2470
5298
9089
4357
9499
211
3781
1225
6504
1285
6353
2970
2126
5643
4767
549
5214
49
364
8288
4493
3335
831
2584
6851
2060
553
7321
5523
4887
7703
9241
8901
7012
357
9809
4687
8330
8014
3993
4418
597
7038
1759
6641
1781
3592
7556
3372
2818
8403
8899
5594
922
2703
3279
6277
7177
3062
5272
4351
8900
4605
4409
2595
7106
6745
4369
1606
4071
4479
6699
5981
4686
52
7997
5384
6770
5123
2842
2459
9641
3949
6436
6749
3406
5658
6353
3993
985
7421
2329
2658
4829
6054
8282
1380
6174
161
4919
6181
974
3084
4596
6667
8674
9590
2806
8711
5141
1427
7579
5294
2121
4812
3110
7369
5893
4707
9316
2034
7407
9172
5264
2223
4055
4343
4991
6299
2558
6641
7914
1935
8994
4299
1462
3056
2791
1242
4321
7650
6867
3117
9690
1979
9334
4566
6269
9074
5395
3055
475
565
1808
9566
2
4410
4246
2499
8990
6509
9925
6894
1195
4041
8504
6221
8838
4338
5632
1523
1439
4478
5423
5445
8173
2404
4708
8141
2942
9964
3918
3281
9833
9318
2126
7263
9443
3159
3325
8639
1434
1215
6951
1722
3136
1029
435
8984
5864
7251
7617
8821
3126
1822
9407
4349
6118
2126
4967
775
6381
7212
7528
7582
1507
553
9359
6682
565
123
8721
3758
4422
1282
8216
5226
1037
201
7225
3584
3311
3464
9422
4740
8714
1047
1284
6988
8859
717
9315
919
764
7221
4565
3482
9358
5362
4741
3205
8862
809
5606
1397
327
9789
973
2882
2245
569
7196
4392
9041
5797
2491
9427
8334
8907
7813
2340
9870
3476
7293
4481
4257
5868
9963
360
2252
2564
7222
1507
6514
3686
5823
8167
8850
7650
8408
2934
3596
9623
7984
9749
353
7822
4397
264
582
3616
5700
7114
5444
9272
391
2216
1168
6307
1275
1453
8082
4468
4933
7096
596
2180
401
617
4697
4534
7023
2539
9111
8457
9755
7178
6002
8663
8166
6166
6791
1066
3654
1729
6305
5389
5047
7634
8812
6048
7308
3964
9172
6166
2359
1800
2328
4233
3696
254
2177
4045
3333
1811
1417
9890
4622
8444
6874
1171
108
8897
1588
9387
9550
9837
2330
4855
336
1570
777
7815
7504
1001
4678
8046
8798
1639
7299
3800
8287
3963
2046
5003
7262
5459
4134
5766
3296
9231
1851
6247
658
7421
7361
7449
3985
3331
1632
7130
7990
6332
6652
8858
2988
3513
4380
5487
9823
8649
3080
6134
7043
819
5396
644
3102
304
2579
4554
2387
550
458
1351
7372
4542
419
2503
3539
7239
8298
2217
9821
7588
5448
6767
2020
272
2985
14
7199
5906
3228
5269
2288
6059
3447
8507
4458
1452
5428
3649
7996
6533
9755
5286
7294
1176
1053
2713
3128
7404
4219
3545
4634
5694
81
3721
2635
7041
5011
2911
6513
278
2322
7867
4841
6039
3306
7301
404
3421
6459
5503
8207
6657
2722
4346
9709
8447
8132
3428
6307
8999
7943
8862
911
7470
7308
892
9574
1089
2060
8662
5849
8249
6574
3724
1107
6698
2595
806
2802
4373
9151
5753
2799
3534
4291
9317
6379
9175
171
1851
8184
5931
8577
5308
8866
1192
9661
3997
6632
9347
4202
6263
411
7711
8053
1946
4498
5720
2612
2402
8598
5434
3105
1649
9985
9599
4530
3852
5822
2597
6471
178
5469
2029
2927
3447
9206
8256
2838
1695
8839
3804
7391
1173
9131
2828
7306
9083
1385
5494
6723
8524
8694
2990
8871
2365
9416
5720
6643
9107
6009
6715
8379
1470
884
3120
4979
5474
8559
9946
9566
4326
6276
5951
9584
677
7102
8516
9602
1154
6797
5176
6466
6265
1670
1607
8116
2305
2345
8830
1178
6221
6512
7534
3323
8705
6610
1833
2402
7794
9729
874
9974
9958
5030
2113
8306
8123
2006
3404
384
1284
2753
3681
8294
7197
680
4519
4077
7359
8872
5813
9770
7647
7319
2274
2620
1041
2090
1404
7969
603
6848
2932
4676
772
9903
8774
9735
5851
5305
3350
5416
9347
9178
710
1684
1820
5905
2724
2901
397
5049
8432
2137
9149
6147
1227
161
8658
9793
2204
5282
8065
2657
4156
715
1347
1428
1489
8180
8072
2010
8039
1775
4645
5564
586
2334
9161
9350
961
5953
9694
847
6276
6377
9707
5126
5486
1358
6822
7355
2813
5914
7383
2439
806
8576
2695
9112
9206
9900
4199
6157
7060
9
2222
3451
6018
4169
9834
3434
401
2324
9431
9615
6964
3472
2093
582
2365
8376
4643
6731
6516
2477
7650
3733
710
2758
3733
4640
6762
4613
7532
6630
4719
7144
2336
4122
4545
3592
6945
8160
5402
9474
299
4876
7333
8608
1350
4886
4941
1027
6813
6902
3157
526
1926
1
2529
5298
8368
4832
4673
8514
7227
4218
1517
2626
6289
5358
444
8897
467
4911
7087
3136
6766
2267
1754
1294
4892
4106
99
2193
9222
1824
1955
1811
167
3710
1817
2983
5564
5372
9678
1462
9144
2539
2467
9691
3508
1642
6614
1111
5811
1512
996
6417
8100
9632
9544
542
4961
2326
1633
681
9204
172
4274
2703
9033
4193
8419
5497
8670
9015
821
2855
2806
3983
5843
2374
1469
2355
8148
9869
4919
3936
5084
8858
7810
2382
7874
2356
4601
9054
2813
7772
1530
8447
4519
6677
5119
2348
8772
6445
4072
2678
9115
7191
4410
9385
3251
4311
1345
6253
4249
4505
737
4684
7325
8462
9674
9594
6349
6068
9642
6822
1289
8384
924
9516
1926
3867
2494
9989
3310
7190
7232
7116
2612
4684
8776
7309
1061
7763
2835
9468
9002
973
6918
6974
1898
7329
8419
5496
3437
6497
2294
7411
9691
5113
1151
4521
482
67
4474
3327
9606
3449
874
5614
8707
2376
2756
2607
8575
8077
2967
1427
5898
6703
4426
2796
1207
1080
3454
9804
2932
6849
1714
5560
2341
7689
2502
216
7984
1874
1591
3934
3313
9289
9608
2432
7389
432
5698
7155
1203
8249
434
774
5934
7761
3488
9593
5672
7414
9969
4393
6617
5543
7122
7657
4013
7223
3973
7917
8627
6813
6504
2774
1313
2122
4832
4853
6181
5288
8789
6350
6855
9052
9303
9211
154
4760
2462
5273
2993
6576
1199
6115
2478
5670
6938
2378
1973
3140
4784
1406
6496
4998
3218
1835
8908
3217
1589
8642
9680
3252
8626
6835
8029
1961
9210
3444
3185
1080
2854
5505
6006
1081
7228
8528
72
9331
9533
895
2899
4790
2476
1964
8122
9442
8777
3297
5684
6498
9355
5211
9969
1224
8717
5397
1835
4005
2223
8838
1224
8069
9501
4867
3787
5333
6732
2722
3210
2579
5537
2812
9434
2225
5628
9678
9590
596
209
893
9887
1919
6551
8675
4205
3143
1689
1930
8420
819
7947
9156
4530
7027
551
5573
276
1929
5252
3293
4376
1848
3512
1414
7021
7992
5172
7270
3527
3186
6526
9745
6063
2670
5324
1791
5911
4503
3900
8021
1787
7160
3537
9075
7203
998
2599
5705
9925
8793
8295
1527
5527
1815
3542
5711
3090
8111
7497
1961
6178
4575
7043
8275
7562
6003
1950
5427
2500
4475
8040
8667
8214
1031
3717
1847
1472
4161
1042
2197
9922
39
8138
3026
6971
8260
9729
8157
284
7578
4253
9051
8011
2719
2869
2358
8659
8705
6562
3394
7448
8678
1794
3390
1512
8916
6651
9603
1021
1978
6524
1436
5663
8873
3695
3250
8167
7075
8699
9155
7327
6126
5975
8111
4277
8229
9176
6014
1533
7276
2139
6097
1398
1581
6254
4004
5077
3684
5352
5420
5181
9875
2953
8387
353
3139
5036
7629
128
3688
2442
8997
7711
1215
7672
9834
1124
1686
6304
4352
3822
2617
941
2372
8738
5765
9567
4479
1601
8186
1983
2358
8645
2562
8909
7804
1242
1960
8133
4981
2569
2150
3631
248
4127
3856
2838
1967
4237
2231
8688
9518
3721
7659
3036
3790
1473
4464
2107
3941
511
6123
660
5204
9208
4841
9675
1261
8239
1516
732
5518
4423
5715
1633
6734
6133
2741
1316
8611
5732
5866
46
3246
6482
3158
7677
5268
2087
9219
9572
4473
4021
234
4908
2027
91
6445
4552
8968
4692
3668
5639
4045
1805
7890
7219
157
3684
259
6390
1306
5596
708
1788
3475
1420
895
3123
3673
55
6210
5855
8271
3606
7067
8074
2895
5010
8498
8312
1059
5006
7363
5241
3014
9472
2278
1736
7896
1072
4925
9392
5367
5721
9929
6751
6625
4653
4217
2962
3555
5590
8641
3839
3388
502
6243
290
1107
2159
7644
6175
1905
5375
1949
3318
93
6772
2900
8645
1139
8621
1239
9063
1536
6720
9885
6282
6652
2344
8697
9935
52
5143
9572
426
5170
2169
8053
1096
9836
1081
6271
8465
1062
4060
4215
8099
8165
8283
2353
8430
5154
9247
1366
9246
8406
6517
1476
3331
696
8049
2834
2732
4336
6974
6334
1378
5351
7235
2981
9553
333
9378
8639
5009
1847
3018
980
7315
787
2348
5983
4246
1641
4666
1533
5930
1120
5243
1154
4556
5977
8556
5225
2879
1644
2945
7157
4988
6830
8296
8488
9072
140
7598
399
4756
7478
2587
1769
8842
4667
7113
8371
1763
2412
5522
9313
8973
8000
151
1514
202
6116
6653
9073
6476
4668
5777
2075
5436
6107
9548
1490
6089
8267
5042
2133
5134
7561
4021
8793
8877
8416
1766
6769
7031
3264
5755
3861
4125
4395
9532
2482
161
7756
5096
7758
4261
4948
6325
5238
6853
8706
388
8918
3457
5790
5490
868
9330
7539
7770
9849
3934
8455
696
7789
311
7288
9002
6094
6893
3652
3951
9372
1572
8373
2913
2213
9120
1383
8062
9608
8029
1303
3026
4920
507
842
1153
8319
2374
4024
5024
6636
2147
4707
6483
1866
4407
7687
2881
3583
6834
8816
9187
6958
7080
6275
6684
6649
272
8634
6051
3062
9574
7791
7835
2493
6763
1587
9251
8059
7964
8508
8649
8694
144
3449
7578
2862
6122
7076
1797
6460
9103
1459
2845
410
2865
842
5789
6094
1130
9936
1366
6884
9029
2044
6355
5400
7861
2781
2222
2109
4921
2355
1035
6540
8407
1021
3186
2732
5878
2752
1962
9674
888
7712
1857
4133
9091
9550
5464
6873
1137
3326
1883
1191
8429
3684
270
5469
3358
4779
9731
8215
4385
305
9577
1105
9518
9027
3518
2151
7869
5760
6948
5436
9825
2252
3522
995
2834
9700
1121
8894
457
8760
295
8976
2516
538
4273
49
9321
8962
7032
3982
9463
1483
3526
746
2040
9582
83
9045
7187
8505
2632
2966
5279
1243
1092
8632
7201
2462
2236
9807
7574
8642
2941
6278
1292
5986
5022
9559
3882
6421
3233
614
1857
9044
7544
3610
1882
291
1348
8472
7742
9101
6312
9245
9029
8896
7612
9800
2806
3394
3854
1235
7165
1823
6002
4604
1338
7472
1290
2372
8390
6714
8737
9987
2817
7200
6738
4741
2951
9141
5734
1237
1601
9570
2521
2597
6935
6384
1342
6023
8131
8915
489
4843
3584
3028
1562
7590
6882
3545
1834
6139
7872
2
7069
2152
5676
2419
7463
5024
6227
1961
796
5872
8191
7115
5712
2689
3657
1791
2269
4601
6028
4789
3874
8733
4502
2916
9144
1815
696
3951
112
4688
2636
6308
8568
4411
2581
2945
2189
270
5298
8851
1627
2861
2221
3020
6927
7013
2000
6064
5741
9601
6279
9501
4989
2861
272
2628
3601
9957
1919
6376
258
9480
9998
162
3191
5407
9282
1422
6727
8500
3145
5878
982
6704
5103
2745
7356
7429
719
1640
8819
9989
6982
3405
9119
6397
7108
5448
1992
6338
1820
2583
834
3110
1739
481
2222
663
7765
8799
5865
9253
7146
3991
9314
4941
2392
1751
8569
8598
6138
4619
1171
791
8494
8187
4938
8852
6805
7411
8705
8467
1203
384
9846
4543
6278
5844
9216
8681
9523
9319
4199
8261
5340
7658
7602
5832
2845
7112
2348
5660
5750
3948
5040
7757
659
2089
532
291
3911
5034
6866
5437
4680
1239
240
9094
3747
7696
7153
5767
448
2329
6309
7801
80
1666
8331
2053
7139
4050
2727
8265
9398
8752
4223
5049
1641
8157
7903
9920
3231
1041
1500
6898
2126
3808
7606
6624
375
9897
6582
6838
2703
2475
8359
3476
8236
4133
3601
2231
3739
2712
5744
3860
1374
4554
5763
6432
8291
2842
4288
111
2751
8283
6421
3495
4299
3136
122
6240
7652
3490
6323
4010
934
2113
5521
3723
6211
1060
2455
2964
3500
7038
3289
5550
6578
4816
9841
438
2711
3973
9388
5139
9742
6941
33
6928
3745
1065
7186
970
4336
4992
9755
343
9911
5757
823
3169
9609
2774
5345
3262
8569
9544
4536
8285
4887
6900
1436
7135
7511
848
5749
6320
3213
859
8500
5937
7172
1601
3808
1779
1471
3671
3666
4081
6647
6756
1581
1418
1378
3661
1332
9482
3797
5355
1600
2325
1216
9706
1001
4415
1864
2880
9537
9962
370
2696
2432
8397
4058
7371
42
3310
4835
3163
7149
9804
3945
3291
3607
155
6483
1901
1604
796
1525
2969
9124
3257
4049
4791
1499
7642
6253
1178
5395
903
1312
9033
9996
5690
5765
8331
9955
4383
1234
5727
4128
3724
995
2949
3129
5799
335
8988
2084
7976
9677
9944
7978
4717
4943
5503
7287
8820
8955
4209
2638
3320
5835
9826
826
7642
907
2518
2799
1291
2208
1783
3918
6836
2823
2038
5415
7651
8475
6396
6009
5426
4304
7883
7589
357
7437
5142
3825
3712
5687
2761
4600
9027
8615
4982
830
1635
2158
798
5489
2886
5359
7497
2844
458
8554
2658
2997
770
5417
289
7350
7342
8020
5046
9561
7702
7887
1247
3692
7540
6515
3446
6596
7499
6361
8122
1581
1335
7426
9209
8351
482
2981
8583
1997
2192
2176
2621
5191
4217
9215
3376
1504
6304
4763
9341
7226
2068
1113
5263
6268
4978
1347
6092
8805
5269
644
162
5051
540
8013
5161
9340
1318
3701
4869
9702
7116
5757
8539
5330
9562
8961
7501
8714
8700
7754
564
5531
4258
3504
1161
1014
6031
5389
8864
6961
7060
9997
8193
1995
292
3825
5012
588
7635
6147
2969
4714
9392
3284
9185
232
7596
4225
7036
5577
6230
8244
3152
6050
3732
807
4722
6174
9856
595
789
6059
748
3222
6076
7569
980
995
7261
6259
3103
9156
9573
6702
3569
2490
2834
7390
5040
9333
9360
6576
6945
287
9939
3138
8255
6210
6494
9191
807
6842
1070
5527
6898
7253
6679
2354
8784
2903
5224
8133
269
3051
8397
4069
3731
7299
289
3448
7837
512
6142
996
6018
3469
83
6159
7254
3110
9873
7269
7849
3814
4177
7416
6586
5406
5829
3442
9804
4673
2762
5206
6162
7596
5991
7044
1258
3667
2836
7691
9028
9638
6298
808
1454
8147
8931
3805
5309
2629
8270
3166
1722
4491
6049
644
5686
5715
6971
7156
7467
9060
9349
6426
2705
4539
6468
5406
5034
8749
5999
1417
1195
3564
2455
4753
2359
1221
9223
8000
8409
4070
1177
3827
3582
6396
8915
7310
2860
5898
2124
9133
3283
4054
9151
5813
7039
4125
9835
4312
391
8999
2564
6792
7269
5573
2618
3395
3922
8183
4371
4620
2093
2810
952
7098
5992
2814
2761
3178
3056
9334
3550
4400
5335
1049
9435
8699
4767
8085
7342
1926
8485
4291
4248
6170
5895
5125
7350
8737
3059
7468
2124
3669
1550
327
6861
1143
8094
3525
6105
3068
7541
2267
9827
4562
4586
4609
4877
8592
4181
8359
434
7035
887
2742
3568
901
3284
545
273
911
894
3785
4772
9919
9951
591
9725
9357
419
8213
1781
4056
7567
9326
879
518
5410
8340
8377
4344
1398
1352
2139
3883
4611
7091
9759
6955
1505
7419
6652
4146
375
5634
5281
7598
4149
473
1115
7873
2938
4929
7443
7106
915
3778
5655
3361
273
1396
7763
7815
7541
3451
7580
9691
4107
2592
3961
2738
5969
3465
8270
9806
4370
6267
902
7303
9555
9350
8684
4903
2760
3807
2838
8398
5716
5291
2271
7846
6764
7462
9136
2785
5895
7492
6938
5871
1941
9295
3986
1964
1112
7343
6249
2230
3491
3431
1639
3436
8733
5308
5924
1041
3298
7841
5571
3680
5399
5133
4459
6874
5127
3550
5970
5307
4623
3191
1992
5450
6435
3957
7406
1423
8107
2991
162
831
5213
6204
920
98
5528
7838
886
5750
8490
556
7980
5836
1727
8877
606
2192
9206
192
9455
6247
6882
8649
9708
4193
9754
6342
8690
9213
5229
1567
9692
1340
4614
3308
3822
4797
7495
896
4743
2088
3909
867
7222
9254
4496
3838
8029
3405
9533
5231
938
8794
7314
2861
6695
759
6606
9733
5728
2460
1202
7138
4333
6961
8288
3932
3723
9794
1982
7751
2011
9643
2103
2940
1878
7283
1087
5781
9019
1317
8064
8065
9255
6392
7830
8615
720
5025
5267
4904
3934
2799
1199
9853
3878
6788
6928
6511
6645
3027
8754
4422
2501
9108
2116
537
7167
5669
9023
4004
3069
8635
4243
9240
170
7526
1519
4508
3897
1794
8285
4641
671
3097
4872
9347
6014
9654
1339
827
4014
9381
8967
449
6698
7879
1232
959
8581
9905
8517
1233
7095
6083
1642
6041
4344
7158
5859
862
6711
7263
7264
2677
2663
5600
2576
7384
5639
7022
7923
1714
2172
1533
3392
829
3806
9191
207
642
2236
5035
6948
6351
1964
5746
6056
1543
3763
5150
8646
7732
3597
3579
9215
2231
5626
5895
7147
5328
9398
5886
3837
7977
2067
3965
5233
6348
8628
8504
5188
5877
8232
3832
7920
9235
6081
7116
5939
5192
2113
6736
4971
1135
3121
9803
6048
3549
6877
1010
349
9904
190
7066
8221
2788
2165
1851
4894
8612
2065
2607
1237
7902
8030
3786
4142
1135
682
372
1581
7662
1845
4449
5174
3269
8644
3666
6565
105
7330
1445
2987
9194
7828
8935
6615
8470
6967
9577
1100
761
8681
1376
2660
399
5648
8006
3937
1753
5019
6015
283
8190
2483
470
6540
1897
77
677
4308
6512
7551
6516
8745
2469
6844
1112
2270
69
494
2381
5855
3821
3167
7790
3062
2189
4772
3041
3342
8213
423
1728
5682
4427
7391
8401
2320
63
2462
6728
6959
630
9415
930
1818
242
8681
7250
1720
5059
7261
9257
5753
7814
2248
4126
4912
7051
6973
4253
3720
2485
4258
1948
3060
2875
4477
8312
3558
395
3756
4398
9835
3598
6414
901
9090
871
4688
6841
4407
901
8232
9107
8897
3079
887
995
2468
4015
7599
8128
6723
2607
9234
5606
7062
5488
8194
8494
4723
3378
8634
7355
7292
6094
520
5264
5158
8199
789
9760
4817
1566
3315
5453
7336
4469
3810
8098
3415
3019
7374
3068
3956
5990
8825
1043
2684
6863
3584
8598
5659
9399
2301
212
918
1432
9449
6951
4729
3158
3771
6187
424
20
5186
8861
8644
3058
3339
398
6429
2932
2479
9831
8446
991
7243
5574
7593
4892
3389
9494
992
8287
6809
6477
1997
8545
8726
414
2335
9128
1143
207
386
6025
8841
5222
1257
2612
1478
6140
3930
8462
4116
3155
7174
7868
4574
9396
2451
9291
4620
33
5992
6268
3601
4793
3589
1932
5905
1289
4013
3826
8957
8784
2753
2738
5053
6331
3530
8031
1144
5695
6178
3197
7379
9382
7295
4483
100
1440
669
767
5361
5002
5159
2308
1402
444
1218
6767
4192
1885
5350
6967
4144
7937
7834
259
9680
8098
5627
8549
7045
1308
552
3172
543
1746
5181
9367
6209
6047
1578
3597
6449
4583
1856
922
5736
7852
2487
5692
918
796
2447
7980
2933
9959
6561
9039
5944
8334
3232
7516
1121
2263
9474
4936
2716
7885
3749
4253
6027
2276
6816
9785
4446
4043
807
3427
8382
1162
3418
7000
9063
4699
8299
6787
6480
6757
4874
252
5256
8531
9631
3271
5055
8243
1618
7661
1918
9610
4362
1144
676
2404
2689
1095
8430
1290
4209
7554
2929
6652
7229
5447
9991
4270
8446
8290
948
592
7705
2236
8308
7108
9609
2954
2628
8932
1902
695
7993
9484
2561
3436
4736
8467
354
9963
7251
4791
5297
907
2149
6054
3622
9037
5579
4169
8525
6269
9142
9307
865
5796
129
6519
7140
122
8323
3695
984
6105
1234
4137
2829
4285
6053
6100
9272
5576
3315
3688
9180
1842
7821
7916
6855
8445
2501
6081
12
4630
7530
5995
9704
5703
4577
1007
6771
9882
5777
2088
21
1128
7723
9908
4483
2672
2661
9259
357
4243
2241
9344
8421
9723
5086
6368
5141
7820
3211
8648
6109
4435
4947
3283
6608
5387
3626
4576
5963
542
2482
674
5753
1145
2282
641
7542
7656
5012
7646
4046
7760
2817
8147
1296
5307
9244
9689
4372
9982
5296
9651
1366
5559
7510
9352
2575
7954
4319
2318
3023
2779
5146
3505
5433
669
2594
516
8778
7497
8151
3118
2775
9587
7176
7509
4802
8614
1674
6265
6808
5015
2248
5766
5899
5894
4263
3037
4919
9457
9572
2893
579
2612
8732
2555
3030
4059
4583
912
5044
8040
3650
1649
5539
2671
8680
4058
8574
6110
6317
5892
4917
8538
727
9286
6047
3429
921
5255
9869
4844
3005
8833
8172
6365
621
9921
6103
7749
6269
1371
5831
295
8665
4267
5112
6969
7335
6918
1673
5385
9865
8351
9359
9725
3697
1477
7878
5863
7057
1274
5894
1687
446
5422
5918
5914
7504
9993
9471
1393
1929
7288
7703
2956
4063
703
985
4965
2776
349
8518
5354
3457
9197
3882
7362
1131
73
7125
9456
5026
5785
7444
5525
8043
1736
3643
4032
2938
3511
4962
9585
6621
1707
9721
1275
2249
1218
4841
8647
319
7827
2153
5029
7962
9187
8953
7294
2807
9060
1967
7173
449
4232
9308
411
2585
9571
6505
7314
5743
6862
2563
7897
1839
5736
6273
8982
5002
3831
1070
4483
7296
9260
439
3231
887
5509
2306
8852
6923
3292
6712
8888
914
6812
3266
6477
9371
7107
7964
8260
7298
5171
3048
2335
6114
7523
5361
1299
1960
6083
3194
2684
9743
6813
8499
5914
5934
1110
9031
8202
8090
8227
213
1711
7993
9801
4409
5407
6756
7757
1943
5882
8744
3450
2003
2149
1338
800
7951
4501
6276
9497
1010
1639
5729
6568
6930
8093
528
4075
8718
5138
1960
1791
7066
6958
9241
2258
1655
9285
1898
9283
5054
5465
7077
3173
9929
9600
8507
5635
1951
6577
8357
1278
4458
2984
1736
9746
6263
9721
5060
1447
249
8689
9370
3122
6122
5479
6343
8171
1439
5586
2353
1626
4358
5908
3852
9755
2799
500
6474
7808
9828
1738
285
4118
5366
8323
3930
5295
1654
8068
8332
7566
6349
635
8866
2626
969
2224
4998
1274
5732
9195
6043
7830
9778
8112
1970
6382
8679
7109
1065
4988
8290
6020
6561
7012
5242
3755
586
8260
6660
2161
1069
1574
1326
6067
3222
4194
7723
1980
3659
2592
5003
3140
734
8140
2055
9055
2235
9570
1174
3574
6270
9641
8766
7683
4596
7708
1754
645
5756
5059
1700
3716
8347
9296
320
3630
4456
9797
6549
8000
6842
1619
9961
4720
1052
9086
9815
4215
2586
2972
7168
3852
5788
4284
9947
3164
8812
2515
186
5957
1524
3601
2555
7441
1017
4307
9047
9281
8254
5313
9675
4511
3511
1031
5664
8469
8539
3857
8665
2027
4404
8304
3144
1099
8535
9817
3966
9713
7194
4221
7486
8015
6775
4899
3548
6061
4172
656
3159
4189
9595
4121
3951
221
8277
2320
5237
6261
3838
8602
4799
3984
2301
5473
2164
8727
4387
6069
4506
2649
8757
6301
1161
3591
1847
8571
8059
9995
6487
9374
8227
3337
1427
5585
4504
9486
4153
6864
3244
2501
5561
955
5101
7721
8408
9827
8599
7524
2116
1090
7731
2933
4399
9959
1585
9472
7130
2558
1837
128
255
4750
2865
1208
8203
2252
2919
4343
2454
622
5961
7401
1296
6266
9191
9258
9082
6715
6100
1605
3102
8885
6910
6667
5837
4624
7512
2783
9171
8609
4582
6990
408
743
4355
8045
9749
5584
6530
6090
3441
6012
2128
7092
8936
9689
530
4711
2583
589
8049
5023
8054
4947
3502
3022
3474
9388
2179
2824
9910
3734
2568
8443
5173
4587
1071
7677
4471
4864
1293
4094
9646
7422
9781
892
8259
4222
2306
6564
8226
348
4752
854
9503
4942
184
6914
8691
9918
8967
6383
3431
3795
7657
7419
9371
1214
7271
9676
4772
5584
3994
6836
4400
3097
4507
1875
7431
1771
6026
2118
5568
3821
5830
942
957
6491
1151
3644
5076
9835
4934
920
1242
8586
6397
9104
5694
8661
9408
6733
1808
5604
3472
1138
2108
6048
3656
1774
7991
2054
8414
8384
6949
1315
3128
7178
68
9631
2599
158
3128
9318
2165
2982
612
7169
2935
2784
8626
7924
8334
8005
8815
8080
8448
9035
8310
3112
3854
7424
9223
1825
3842
2679
884
4531
7736
8031
3864
3068
485
5583
5796
68
504
7198
5895
3755
4603
2046
9994
974
7605
9689
5525
1096
4384
4707
2433
1269
9075
3295
4667
7346
3179
3438
1650
5488
7675
9313
5165
6424
7516
128
1948
3032
3634
6036
2921
1259
8606
9774
9866
2407
1337
6027
343
1488
8708
9886
6690
2106
5529
8397
1656
3532
8301
8489
7826
3647
1444
9252
1320
8261
8369
3271
5267
1415
9257
6491
9197
3399
6915
9749
5432
1956
5326
3903
9959
1724
2479
9441
3885
4492
3589
6447
3936
7282
4651
4364
4329
1971
4937
9692
7516
1865
6839
8551
7438
8340
3552
5657
695
9170
4030
4662
758
6985
2440
6107
7547
9088
2069
4367
