4598
3614
58
99
2154
2131
2432
2693
1467
1903
3221
4226
1243
2229
3089
1987
1912
4878
1414
3609
369
1414
4069
2208
3381
2916
4433
1144
395
3077
502
873
4723
4075
2810
1314
2699
1783
4273
3302
1023
3912
4799
2005
1392
2718
501
4698
3004
3128
4655
3206
2510
3590
3845
1288
1740
508
3893
2503
4463
4324
2729
3510
1832
4519
2316
3194
2109
1415
3208
1795
794
4652
724
940
2493
905
2105
1897
1674
1394
3419
869
1877
3613
4333
1541
2717
3690
3381
2957
1989
1696
1071
2396
2735
565
805
2870
2954
2585
3275
334
234
3432
1040
2870
3062
18
1441
3133
3908
3225
3536
2203
4537
3294
4250
1244
3101
4353
871
526
570
2555
1018
249
222
2241
711
2091
982
3167
4348
285
2154
2975
2768
3837
4280
3981
3977
3888
1288
4672
1458
3956
3198
1791
4185
2735
4638
1165
214
2152
522
466
807
3072
4447
4248
2296
644
2318
1191
32
2234
1982
1013
2543
470
4206
2294
3900
1288
3952
4171
4651
2827
3561
3402
619
1740
1846
4418
1990
4565
1320
514
3961
1029
2936
973
3747
126
645
2403
3811
1891
1746
4191
1130
868
3661
2000
1519
4711
2682
3903
4985
4997
1030
4892
4799
1990
3311
2749
2268
994
3857
69
4302
1493
603
4180
1949
1101
1736
4216
1897
3011
2930
4880
2292
4404
3553
1425
4982
2075
432
2159
3279
3733
4200
1986
424
2921
3982
850
4746
4986
464
3312
1184
1370
3798
1394
3849
1140
947
1627
1637
4310
2170
2069
1905
2258
2109
867
2605
615
280
304
242
2313
3428
1990
1873
785
4192
1756
3111
3586
4402
3495
3964
4442
4771
3715
1731
2608
3593
4102
2028
2185
1358
2865
1709
1049
317
196
463
2928
1877
2093
996
2722
2397
1285
3279
1075
3183
255
412
4110
2114
4085
1286
2976
2056
4865
3143
4029
3830
3909
4786
934
3698
4016
188
2614
1326
3806
3297
1976
258
4474
1939
2791
1656
419
4886
1657
3561
1688
3127
2033
1709
232
3650
3815
1680
82
266
383
344
3654
635
2443
650
2695
387
117
4940
182
679
948
3165
748
2819
42
3265
4067
665
3041
2945
4162
75
4240
3799
3291
2691
2526
3878
2586
3807
505
1608
2012
1818
1194
1050
1
2021
3417
666
4768
2845
2081
2065
4670
3158
4104
1595
771
2814
4478
3842
2513
1420
3511
4506
2433
910
3638
1056
3132
4578
2063
540
563
1460
4969
3414
2787
1599
4015
733
144
3679
3034
4393
2861
2018
181
2002
1310
1151
2068
3842
4330
4294
2833
1245
264
2295
1380
1649
4316
1079
2823
2904
582
1853
1411
2842
4680
355
4659
1656
1810
1880
883
1795
1396
3858
260
4707
1319
4809
2295
3612
3664
926
3251
4714
2810
2450
4213
3605
383
3155
4891
1047
3227
1609
3925
442
4357
4255
824
1848
3034
1173
4608
1874
1112
4627
3218
1673
788
3823
395
1163
3976
3671
1944
3261
2044
27
4308
2696
4360
2321
3367
2214
2916
2428
4257
3835
1789
1527
2803
4944
1788
3290
605
2298
1147
303
2938
2625
367
3551
3493
2037
1189
1734
4790
3059
4795
1845
3668
853
2588
3982
2161
3128
1686
4449
2245
1119
796
2541
3184
3637
267
3515
4399
3823
3092
4724
3569
2839
3877
2099
1935
1693
4908
2085
1983
1456
4465
2429
1012
2706
1166
2260
4203
3210
4165
2037
3595
3499
1743
3175
4658
2058
3797
891
3617
4317
124
3102
3331
3590
2498
3288
3511
3823
1223
1130
2479
327
91
3175
2173
658
1962
3073
1001
2839
278
4908
4297
4739
257
3752
798
3260
556
4640
4462
4536
2705
3879
4924
3563
3266
1274
2624
870
37
2328
1628
3829
93
1343
3980
3577
4725
1576
2128
532
2627
4410
4010
3204
3262
116
1751
1062
4750
2532
1620
4772
1559
1693
839
4265
1273
4477
1126
2768
4375
2396
3559
1277
122
568
710
3747
4570
4334
2284
701
2144
2315
3914
4504
1443
3400
2498
1461
3301
1700
4486
549
3017
4203
4864
868
2395
4156
1685
2344
1524
3873
1647
371
200
4311
2245
4060
2054
2621
465
3973
1531
2874
4766
3901
1443
2327
83
3661
2342
3827
2649
3783
2195
29
4845
2594
2428
4588
1994
834
4261
3971
3846
2181
410
2712
4823
4416
1732
2211
3058
2152
1959
1164
760
4309
2075
2581
2462
3649
1005
887
527
1638
3530
2320
2576
2572
4583
4905
159
1010
3224
3030
2865
3892
475
4143
4295
787
1416
4828
4580
331
808
2805
1974
2838
3502
1287
3622
1453
694
1202
726
3014
497
1127
4830
3201
154
1871
1754
2580
472
1423
276
1975
1137
1520
4809
3770
3287
2434
987
4458
4017
4024
4243
4562
4617
2199
4912
662
437
4705
4248
4211
4452
2894
1642
2322
1591
2970
3582
740
658
4841
986
1624
3870
4790
4065
1687
4628
2251
2794
1184
288
931
4915
4015
1375
2899
3991
4736
2310
4744
4147
2633
2248
4570
4377
4366
236
1501
455
2406
289
3848
2064
2155
1055
3462
1692
2239
2716
546
4014
2633
4079
1296
4818
4855
2100
2159
809
454
4164
1098
4426
76
1209
2125
927
3791
1331
4565
1393
190
3522
464
3681
37
840
2732
1085
2886
4866
1212
1842
1154
1403
140
4084
1720
4693
1197
1735
4228
3373
364
1153
2833
4641
2349
815
2545
4633
2646
2481
4464
4416
2662
1834
161
1229
4116
4239
4240
1690
4059
4868
879
2936
2827
261
2548
2029
4171
1672
4200
708
1602
1125
4362
4175
1750
1902
1593
546
3436
4145
4112
4647
3189
4407
2868
2258
3329
1528
3954
4977
605
1493
4267
4514
3312
3394
3625
4801
3900
3774
4531
1996
2592
1792
852
3700
2378
1584
1986
2258
1850
1447
3075
3220
1713
2252
154
2115
4968
3115
1982
2962
518
2012
1275
3189
3553
150
4970
3492
1421
4446
3451
3434
410
4560
1108
2310
3415
2296
4065
3405
2397
3382
1931
282
4943
2260
3166
2292
2141
189
273
226
16
4947
4042
2429
3064
3693
1682
906
1185
4603
2956
1690
4499
3120
4732
1136
1968
1515
3906
1735
977
1954
2165
646
2362
3563
108
4665
2492
2016
2480
1740
2825
1511
1501
4230
4642
4771
231
4776
1436
3498
2666
3889
3937
2860
3417
2831
450
2005
2896
1948
386
2967
4933
1819
3590
3559
1377
29
1345
3761
3221
2484
4964
1219
2615
1316
4290
1788
1100
3625
3474
4223
2639
4681
3670
2480
2160
358
1408
3321
96
4536
3363
1713
4808
2277
415
1522
233
3158
1367
3645
4950
4863
2781
4269
893
2194
550
612
1789
10
3391
2718
1290
3327
1710
456
59
2610
4470
4508
837
2854
4474
3900
3968
1953
858
1641
3279
3238
4227
2343
4901
3041
4137
70
1715
2526
3440
4440
3062
4310
2976
1162
4549
2606
2599
3585
1048
150
1968
1698
4867
3083
3993
2421
3130
4722
1682
4047
127
3666
4841
3491
4648
484
2291
661
4043
3122
3749
155
4195
2657
1456
1223
1356
700
1819
4557
3257
1022
1267
4606
1808
1476
4685
2063
2515
3645
1459
4857
2999
4518
189
4133
2849
1318
2407
1212
4956
2907
4641
560
4583
4064
60
3579
2828
1660
1895
4322
612
4799
361
637
3725
2603
1122
1006
1845
3613
4378
3267
376
599
4371
1810
2086
3531
1426
2304
3144
4734
3607
941
3536
1278
4455
4048
3152
3721
3623
1179
2115
3172
4241
3418
2320
21
4595
2558
1206
4046
3250
2248
601
535
2006
3756
1057
862
1647
2412
1995
341
4037
141
2649
4896
3909
59
925
1873
1151
3308
2012
4602
868
3411
3357
2398
573
1787
2816
1701
559
4413
4643
915
451
1929
2752
1267
3346
3509
4890
469
2533
4085
2846
2553
4554
3319
3695
3134
3674
4385
3178
4564
224
2538
3280
3410
2564
1985
3665
2581
2765
1070
45
2286
1302
547
4741
3935
4215
1879
889
4522
4092
1519
1299
2317
1666
2001
1465
557
4910
4518
3960
2278
2968
2651
4019
2637
4596
85
3115
2739
353
4686
4977
1678
1250
4464
2742
2469
3243
4877
2763
1735
3438
3273
1533
2513
1050
765
704
1547
253
1440
1084
1557
3920
2203
4173
4691
4569
2850
2316
754
318
1178
1299
2926
1693
2348
3190
3922
1952
4132
4885
2434
158
3070
294
2504
1733
830
4199
4234
3475
4314
1945
4484
2997
1214
4592
2992
1630
667
2230
2750
1568
1270
728
4745
1745
1097
305
2512
1845
4280
3458
3366
409
1986
1259
2743
1824
4777
2770
471
1518
1984
546
3808
1369
4040
2232
15
3608
4822
2935
1516
1948
3845
4715
4853
139
612
2706
2158
1491
28
3903
4198
1603
4465
4560
1185
4325
2210
1351
654
704
3302
3901
1812
3195
436
1658
1654
635
479
3426
736
3045
1076
2849
4660
3639
4258
2759
3430
3480
4573
583
3504
4888
2439
1793
3434
4354
3388
4751
1386
2815
952
589
2901
4452
1591
1969
4935
3955
4216
1338
1028
2695
671
4022
3947
2448
3326
339
804
71
2287
2743
4422
1148
3840
498
327
3891
1836
3745
4977
3524
1538
3966
3477
1946
116
2330
4855
4443
4854
3589
822
3790
4233
3821
2998
4972
4083
2162
1228
3700
4109
1026
3181
2626
977
472
468
2650
1805
2054
958
702
4576
1996
667
232
1640
1161
4443
1849
2070
2870
1610
3079
3407
3874
1602
917
991
3648
1499
4028
452
1557
4874
2815
1413
901
3443
4605
4717
4733
3492
3720
4103
2675
1440
1002
1303
4745
3653
1855
1539
1417
1683
2213
653
1474
3089
4160
3982
2289
4253
4170
1272
67
3975
2631
4783
3926
290
87
2214
3672
2569
4381
4186
2023
4234
1340
4685
2743
554
3458
1801
1042
3437
548
2806
1969
367
304
426
2201
1412
2786
948
65
3065
3910
2933
3080
4101
964
1844
35
2967
1162
293
4836
973
2139
4453
3118
3918
1461
4668
2324
4973
3024
3455
2506
4698
4539
1705
4236
3143
3872
3573
3218
4812
952
4099
3557
2063
2217
4892
179
4715
603
2676
430
2932
1738
1852
731
2821
1454
872
2365
4854
3726
2971
1122
3221
947
2165
4574
1423
1465
1159
259
4987
1680
2835
1554
2108
4289
2650
2547
4025
1475
611
3313
3899
4318
4037
473
3058
3679
610
216
220
4649
2896
2716
3820
3469
388
1579
3722
824
4549
2624
1452
499
1162
4492
177
2376
2138
2648
3014
568
2839
2905
4751
2977
1661
1644
2331
3853
4860
4113
1300
2446
4327
3613
4682
4261
3785
1671
1292
3457
3604
2852
3226
765
2749
3413
2905
4603
1207
1710
844
2852
3730
3314
1395
401
4472
2410
2779
1931
2420
572
2386
4303
671
2344
1068
2758
3208
2390
2967
2401
3735
3019
120
3953
607
51
521
372
4854
4768
4471
308
2546
2976
4539
2729
1881
493
4453
4711
3245
565
1096
170
3442
3330
1903
4030
1837
548
2370
2155
4956
42
4220
1149
1884
1880
3812
4369
1450
3786
1349
3372
4770
4351
2292
1550
3717
3009
2623
2323
4267
2688
4925
4930
3373
4894
869
2295
2189
4333
2238
1171
4444
901
3808
2171
2112
3602
3062
2622
1001
338
4025
2519
4774
371
4178
3691
2296
779
3715
4788
2466
4761
3898
3684
3227
3289
2611
1030
2939
3206
3649
2645
1630
1495
4553
3376
3311
1739
4300
1381
1556
1705
2926
2754
2730
409
815
4412
1565
4886
2262
3942
4062
3237
933
4403
3618
2942
2213
1886
4682
1745
1015
158
564
13
435
800
3438
3369
3457
900
4010
4509
2522
3362
2850
2587
298
4469
4737
2311
4316
1773
4076
4814
1009
3563
1883
1362
2079
2493
640
4939
483
2025
1979
1634
2338
622
1983
2431
417
1078
3693
2570
2959
1912
595
1022
1708
3691
2768
162
1865
3596
3894
4385
2627
4688
325
673
1965
2125
3464
4312
1545
498
3455
2747
4626
2272
4496
2464
2049
4712
4410
403
3195
3411
1895
886
3043
721
2141
1682
4129
2769
970
1130
2550
1631
330
2862
4243
3963
4287
2661
4621
1566
4523
3795
4383
2496
3380
2058
1885
2613
2924
677
4600
3414
1884
976
3034
1571
4853
1395
1208
110
3003
4181
2959
1114
3023
2733
964
4403
1519
4628
1573
3120
1924
3399
397
2891
4911
1056
1896
921
2768
2579
3763
3044
765
2342
3854
4213
3644
546
1498
2695
477
3607
4057
4200
1215
3499
2382
3824
2301
3723
4762
2500
3037
1642
3048
1228
4701
1902
4694
1640
3378
3738
3192
4210
2582
910
1242
348
3077
3971
1866
474
981
2850
1384
122
3951
1428
3340
2248
4774
3284
1346
3630
1355
2745
699
3001
2619
392
403
2534
2733
3182
2435
619
4500
3194
3755
379
4517
4689
654
4545
3357
1083
3177
1758
2227
1499
1529
2797
1389
2004
1648
1363
4186
1495
3884
3652
3451
3193
28
3616
3031
833
3864
4685
1681
2080
788
2326
1416
616
1264
4617
3515
4591
4191
351
4190
1453
786
3164
1414
3120
2225
822
101
4473
3693
898
2843
1383
3773
2865
4857
3178
891
2522
795
1642
665
18
385
2774
4397
4070
1010
896
927
4977
982
1973
2323
4473
1237
4378
3552
307
377
3275
1076
1919
1398
1973
2337
2598
754
1811
719
4559
1412
550
3319
90
285
3316
874
2844
3229
1515
2500
865
292
672
1816
3143
4271
3976
921
1086
2194
2935
1819
2526
1632
455
3164
3842
3220
2624
4938
4928
3330
862
4513
562
3040
473
3633
1454
1706
3269
1026
2041
2455
3561
3486
3395
2838
3213
4145
2916
164
1004
2847
541
4981
929
4130
2177
3867
3006
3422
4297
1376
1480
476
518
173
2894
1143
2962
1437
1864
3062
4064
4529
3565
158
330
480
2820
1820
3336
154
1404
2724
4510
1249
1303
16
4287
1613
4545
545
1077
2363
2270
19
11
2833
914
3224
1474
3272
2690
684
4311
2046
3687
1551
125
423
1955
4804
2695
1032
172
1430
4750
2040
3373
2234
160
2012
3876
2397
3242
1005
4734
306
1476
1719
4510
4632
2250
1617
4413
790
1140
3756
1940
420
411
1641
1677
2504
4299
4524
1647
977
3376
943
2975
4579
4113
4692
259
4559
3106
1635
1587
1334
2317
4556
2113
2411
104
194
2367
4994
3586
2133
1615
577
4382
258
2573
1065
706
3520
3169
1240
306
3921
1369
2647
4165
579
484
1291
2314
1050
49
2834
3059
2524
2717
1004
878
2585
3923
1380
461
133
2093
2777
2108
300
2281
1141
671
1616
3063
4873
414
1458
4399
2515
4425
451
2792
4861
2901
4037
4995
1651
2201
3827
2358
4785
1098
2721
4596
2255
945
66
2290
3290
2751
748
2556
2695
3591
2994
2125
135
2329
1854
4774
786
1231
1408
1661
1705
4504
984
1759
1948
2459
4868
4721
1988
1230
3798
4664
4311
1739
4110
1809
4110
3979
3279
834
2892
3125
4872
974
509
2719
2625
1584
1608
4477
3728
1727
1019
352
335
2848
2370
2357
1676
2170
531
2118
1205
2986
4241
1782
1141
2566
3970
534
1712
934
3327
4381
1126
3463
1296
2340
1296
3890
58
647
4397
3377
3831
3047
2310
3906
3199
3388
4878
1732
2656
4496
1160
4453
1352
1111
1020
1638
4106
794
2690
422
4525
2043
4962
2043
2173
1635
1461
1136
3435
4015
3211
4384
2208
81
2474
3057
4122
1043
1815
1099
3632
3142
4725
591
640
1872
1127
2413
3186
340
3067
1701
2353
4228
854
1615
3078
4857
1486
743
1632
4571
4607
1312
3948
900
2382
2729
2516
2358
2075
4988
1040
4941
2927
539
974
1719
4954
2374
3630
3920
2039
4359
3183
4707
2438
743
3240
2514
3470
4825
1356
1110
4885
1555
1045
1930
4669
2158
4523
4218
2054
4219
1882
3473
2794
4373
213
175
3760
1485
3034
3466
2816
4360
4084
3564
4136
4053
2711
1266
1201
4091
2540
4444
169
1104
2297
1280
349
4540
2179
1689
1179
283
2050
4262
858
3569
4498
2917
1766
3559
3058
461
1756
428
939
1091
1014
1192
2039
2684
675
3570
2251
4562
3686
505
2386
2346
1233
2287
2375
3601
3383
4801
3614
1559
2971
1507
1640
3492
3336
2688
458
2599
4317
4575
121
245
1980
3178
1212
2702
3656
3344
917
1547
3505
3162
2397
3028
2398
3155
2299
2614
1717
816
2569
1321
241
1654
4220
4432
4769
2379
4357
2362
2537
4285
2681
2341
1623
3151
3625
2090
3397
994
2687
2619
942
3880
2222
1561
2606
2716
4532
234
922
4925
4543
1536
3985
1608
4617
4325
3494
2333
2017
26
1091
2082
1687
3479
4027
876
2436
2629
564
2693
2284
3063
2000
3919
337
2014
463
4590
4029
3755
3954
2187
1779
1040
4222
756
1379
632
4978
2105
3952
4941
2295
1346
192
2040
1588
685
2471
4434
2403
3835
3296
4497
1500
4538
1418
3695
539
949
4226
4765
4832
2279
1315
1628
171
2982
3471
476
282
524
4032
3925
3217
3978
4231
4611
3101
885
3992
2903
1973
2794
2960
3519
4165
573
1733
1576
3752
2261
1512
2410
2081
2484
2545
3658
2942
4627
3280
1925
4978
3346
4739
2007
4022
2956
4569
3396
4555
384
4305
1942
1566
3261
3248
4037
1232
3981
1429
4812
9
1898
171
4592
1729
4759
4226
4404
883
2613
82
2023
3710
1789
2414
1631
2073
397
2121
2055
3378
3820
3527
3580
3498
1191
3170
4437
3073
1878
3784
2505
4290
2561
565
1202
1027
4099
4515
447
2404
2425
914
2607
1937
132
4957
273
917
3745
363
2209
4725
4154
4143
1973
1838
3862
3205
341
2748
2251
4456
3497
3928
396
4813
3812
2420
3277
3550
3758
3231
179
1084
40
744
2289
1396
1808
2736
4629
1828
2429
945
1768
4171
4452
1636
4060
930
4888
2052
649
3
3953
3501
4584
564
1187
2008
2937
3672
743
2190
2375
610
1918
998
288
143
2642
3373
1387
2935
1415
377
1554
1840
4014
4378
1799
2031
4203
1070
2651
1395
2084
3231
4081
4040
298
3258
3594
4477
1996
4135
2041
4491
806
4224
1326
1946
4953
1369
3320
2505
2844
554
2443
1289
328
1467
1162
2384
3913
1293
4078
853
2952
2689
4420
4540
3981
4271
3404
4560
4890
2629
1613
2944
475
1474
4287
1528
2690
1334
1313
1717
4934
1272
4816
3300
4475
3115
2913
2519
974
4822
3461
165
3119
2063
2611
4429
1520
3939
4596
4863
1877
4892
3968
3191
1345
3504
382
2447
1568
1737
2064
584
212
711
4653
3404
4390
2846
759
3459
4662
2669
1717
3951
1734
3741
3868
2894
2096
4769
2150
1125
4448
1512
3020
4452
4909
2061
551
3057
2352
807
458
4388
391
3186
1660
3260
2796
4289
802
861
165
85
2729
487
3353
3335
2369
4772
1696
678
4661
109
4985
1934
3294
1641
465
1125
1039
2460
1663
3067
2836
4880
1181
3189
3868
2122
712
4934
453
1083
4992
4515
3022
2881
2187
81
3848
3962
2893
1726
2581
2645
4258
784
539
3365
3955
1558
730
4314
2007
3585
4752
1021
729
1062
1191
1560
3063
835
948
2313
3794
3403
3568
3625
3377
3440
3979
1092
3489
3948
4460
23
3304
796
3885
3881
2471
1642
1659
3872
2988
2445
996
4369
3391
359
3577
3932
3085
4211
3515
1665
4376
3681
3106
571
3648
2311
1832
1719
330
4245
3667
456
2174
621
538
3555
735
502
2231
2474
4036
44
1978
80
4571
1853
3127
864
4653
514
1430
1546
1453
2464
768
1154
4801
42
2361
406
1979
1717
2441
1469
1298
2479
1060
167
2321
3765
369
1076
65
4496
904
117
4402
2467
1733
1961
3005
2180
4249
1429
4021
3076
4807
4932
2419
4221
1540
62
1153
3239
1687
3416
4310
3350
1249
1688
664
4524
3966
3946
1904
4335
1497
3980
3847
4902
2286
699
2023
357
1168
264
884
2283
4275
4771
3465
1852
1067
4858
4542
360
4460
3814
663
999
3787
994
224
63
1265
3408
1005
1555
1504
1226
4774
2194
1222
538
328
2506
3855
2127
4254
551
1271
4
4910
1611
1252
1926
2520
3267
2618
2387
3889
708
1360
4745
150
1993
3007
4498
2028
1306
1227
3674
1380
666
1930
4706
3523
4733
4762
1957
4880
1764
4919
4179
2623
1895
1050
1359
4347
2838
4733
1106
2343
1979
1026
963
1325
2287
1932
388
3896
1928
3357
4945
3412
1059
438
1479
1190
2300
1261
3198
1877
1376
4840
181
864
539
4513
265
3257
2994
834
1585
1015
2287
871
361
1737
2309
2562
4481
78
279
1898
2386
746
3457
1021
2852
3963
2562
2964
3222
4626
357
3774
892
4748
330
2636
1198
4352
3318
4460
2587
4051
1620
3449
33
1711
4782
2408
2335
3154
1884
2397
385
1523
4447
3684
2231
2375
3379
2163
3899
3017
831
4164
876
3321
1602
4729
876
3715
1148
4544
1243
2408
4614
3270
1702
3274
4423
3160
3080
1440
2436
3556
667
2577
1858
614
2802
4302
4907
694
350
3824
3324
2007
2123
4241
1967
3419
151
2630
2585
3786
742
458
4817
3369
2453
334
1508
3590
4193
3548
337
2850
4915
2490
1598
864
2227
3764
4023
3034
3101
2307
4869
3970
4172
1785
2315
1350
1562
2494
3800
4557
4425
2588
1962
4566
1793
3935
2088
687
2654
4873
4665
1235
605
4354
1126
357
1660
3740
1313
281
4227
1164
3745
1114
475
2404
371
2998
2617
3598
4487
3597
1350
3891
4604
1520
246
490
1808
2079
1211
2556
3479
3755
2942
3603
2455
2010
2850
4931
4759
3336
1485
1209
1282
3178
4955
3600
2268
2231
832
4482
2559
1535
1514
4491
3474
2821
1169
3866
3127
3457
220
2905
4592
3694
410
827
3541
2530
1865
2181
3276
1300
3334
325
965
951
2762
2519
4913
1749
2613
4751
4111
4719
649
944
3850
168
1262
1267
4259
2290
1349
2571
4518
1816
4131
3157
1371
2850
1429
4014
2356
2303
3163
1724
4486
2317
2850
3942
2326
2451
4833
2104
4617
648
4263
182
4039
4829
4023
2969
2045
1125
3618
968
3535
3613
1792
4286
2630
365
3410
4553
1459
102
886
619
4544
2735
704
2457
3583
4152
4322
1481
3226
1535
2616
808
1126
768
2186
3145
1020
1238
2783
4546
2437
1641
770
2657
2946
2512
2212
3836
4317
678
1454
597
1216
2105
2480
3076
2968
1749
1931
3830
469
647
344
2884
1889
2469
4035
4134
178
4523
3463
3262
3366
1400
1375
858
4938
4855
206
1041
1527
3369
2892
2062
3049
1600
1990
2930
381
3567
3969
4284
1759
1653
2554
2355
1926
3896
2477
3973
2156
4773
24
1608
3021
3118
3755
2093
2147
2269
3534
708
3756
2429
4631
3083
377
3639
3166
4520
307
2450
2815
2254
2140
2636
4628
1276
351
797
2340
1552
3774
459
1140
4123
4942
3967
4904
1246
3241
710
4535
3635
1295
3516
1584
2302
1186
484
4548
1522
2797
498
2194
4992
4527
1353
248
4834
1354
2384
141
4093
459
3238
417
3181
2141
239
3541
1266
1975
4655
4140
3865
1118
1556
3517
3445
3672
4616
2772
3724
4903
1843
148
3070
1373
31
4620
2000
922
3933
2891
1303
4616
2021
2985
3952
4487
4010
4531
620
4322
1476
1178
4137
4740
423
297
3108
0
1801
4970
4113
4125
1897
452
1621
3594
3835
1730
3939
3531
2128
4787
91
296
4122
3025
4481
86
2596
1192
945
3109
3504
6
4192
478
1571
4057
2437
1334
523
1521
2519
3659
3288
364
4440
2385
4152
447
367
898
3085
3600
3668
3040
3849
3749
2812
4256
1962
3088
3060
3069
1776
2754
1585
1918
962
1968
878
2190
3153
15
3440
2773
1789
4808
2372
4655
2027
4255
1632
3801
1640
3342
4854
2908
3599
601
3812
3840
1974
4806
65
3398
4479
2483
3602
4434
4946
3091
3674
1059
800
2670
4209
1816
2
2972
4683
1880
2360
3878
3209
566
1149
4466
1477
3624
1023
849
4942
4930
2093
1310
4620
2484
1954
2021
4789
204
254
3541
3198
3185
4883
4563
45
3702
4564
2269
3243
2039
1770
3544
1327
2260
1440
4927
2326
2079
62
3409
1182
1882
4724
3197
4249
3386
3284
2764
3423
2634
4418
4506
2405
1782
2799
3555
4850
3557
2048
3239
4815
2273
4117
137
3302
2663
1206
4602
2491
429
2104
4524
664
269
1293
2582
4069
1893
1738
2275
2116
4687
4777
751
2931
4636
3551
888
2666
4960
2024
1404
1972
562
94
4637
4946
4139
433
2046
3859
4368
4784
848
2832
1941
1941
4149
651
3568
3023
88
4648
800
2497
2375
1132
1328
3824
4031
4218
699
2890
3722
3476
1237
953
3743
2687
2740
1462
3535
4447
4522
1195
3095
4881
2272
1049
1575
4664
3784
760
3654
718
3527
4637
4895
244
1909
1725
188
1950
1891
2144
1037
2469
55
233
1901
872
1511
1714
3226
2493
2144
916
2919
3968
321
1907
2759
4238
1745
4640
2088
4908
3362
9
2986
1432
656
4619
699
265
658
375
2016
3587
804
3811
801
2026
3558
1111
1002
1144
629
4159
4002
3105
2660
2641
2042
763
1143
396
2236
1388
1931
3905
3492
827
3453
3277
3279
2665
902
2404
4855
1528
3639
3482
4825
3233
3199
234
4148
3020
3750
3682
21
2416
125
4381
2323
4459
4805
1104
764
2843
1072
4721
1562
2346
1855
2824
1222
4208
1961
4298
4519
3154
3325
3610
2071
2641
1461
4392
2243
2966
943
2510
3588
2728
3504
4061
4703
1432
1919
2055
877
4196
284
2821
4287
2848
4179
944
307
4115
2793
2268
1931
1436
1778
1569
3088
333
604
2731
755
1200
4307
3906
835
2639
1466
684
2208
1056
4659
1557
59
1492
2763
4816
712
1313
693
4640
4969
3157
2153
1904
3704
1995
3753
3000
4376
4858
1648
441
3393
4257
4551
1855
910
3039
2294
1621
4973
230
1435
1247
546
2344
4001
4144
1920
3881
3944
3852
1365
244
3349
4688
1393
266
487
3046
3235
4404
4438
1804
4504
242
4055
2324
3001
4453
2455
3462
1511
3910
2388
1793
1366
1657
1131
3945
323
1148
489
4570
916
4738
1074
394
1010
3829
2831
629
501
111
4488
3770
3477
257
766
3146
3808
2500
1683
49
3085
1989
4617
4054
3515
4214
2132
2589
2270
511
1404
3259
1280
396
4842
2169
3824
2256
47
1945
3274
2271
2780
2133
2707
3601
1385
344
118
4282
3941
4132
2400
4326
3703
1578
757
1706
375
1513
133
1045
3252
4445
110
2486
587
4792
527
767
793
4719
126
4351
1797
3235
1214
3598
2676
4712
3721
4649
34
2682
3230
1725
1450
2611
3687
4456
386
2049
4194
2619
4726
2844
698
2595
208
1037
3169
871
2201
2882
3060
4220
4639
3679
603
1932
2602
4422
2363
2990
3676
1639
3298
342
3029
194
1591
997
3400
4969
3611
3483
3614
1347
3640
4457
2389
1731
3580
3587
2780
4983
1546
4546
4438
2452
3837
1176
1352
2087
3050
1253
4745
1623
913
1350
4813
2862
1207
4749
2918
4157
692
3859
4567
327
4452
1258
4614
686
4548
472
1638
4242
594
2437
1718
3368
3121
1365
2186
407
3552
313
3283
4013
3518
1608
4030
2344
3701
2739
2630
1513
1544
4351
4902
619
2737
1931
3207
1034
4780
1688
2075
446
785
2160
4076
2478
4778
1120
1227
2409
442
975
152
2463
2158
4593
2219
111
4611
765
4470
986
579
889
4311
940
829
3928
1461
1019
4336
2545
2310
511
4764
3865
970
530
533
923
320
3385
2636
4924
2083
3960
4748
3811
3217
516
1878
3421
4440
314
1794
327
2197
4389
2219
252
2138
2140
4780
1951
579
4402
3789
2010
4894
3511
1605
3780
4773
3772
4570
4769
4857
324
796
3644
3180
4950
3610
4224
3034
3126
3368
2148
3517
3163
2702
2700
1180
4867
3862
4740
200
2827
2113
1408
483
3643
1094
2086
4037
1558
2592
4869
4404
3183
1563
4023
2303
2719
4995
1546
3151
4283
113
3532
2115
3577
1595
1116
4022
4403
3559
1462
1575
4069
60
3790
4877
1697
4589
4582
1461
506
3410
3659
1033
45
3148
1313
2359
2395
773
862
179
3275
466
2428
1338
780
4975
3320
4060
4560
4957
680
2005
301
874
4154
4800
2061
2709
1279
2920
3853
2388
1630
4821
4258
1908
4660
2687
2607
1852
2945
4171
4523
2271
4791
3911
3240
1564
4828
4547
4390
4595
494
2437
2902
1678
2350
2057
4947
2410
3189
2100
706
1729
3659
883
4994
3078
30
1469
2878
3836
4720
4177
2080
3642
777
3141
976
1591
2355
869
1570
1830
1229
1484
3333
1854
1623
3042
1879
505
1252
722
4678
807
2382
3647
433
910
3355
3283
2157
232
1876
2923
3932
2497
1047
2978
2344
2884
2114
4912
710
1729
4224
2862
3829
1469
4689
2617
1973
661
2769
841
4276
3544
2682
2229
843
2961
3533
1949
3616
4742
4284
2156
1253
3992
3779
2103
4029
751
949
1150
3551
2089
315
4966
3651
3886
407
4697
2721
4379
3511
1539
2417
2130
2764
3049
1213
4946
2386
4120
4970
4168
322
1168
765
3386
4099
1475
3643
4283
4152
1589
433
2464
4011
3057
1098
2078
3406
4910
3583
4910
4098
3229
1344
487
4985
2736
257
3806
805
3688
1424
2300
2252
1403
2594
4523
155
2656
533
4150
175
2024
3112
437
186
2227
2023
4650
4835
916
2603
2987
3406
11
1542
3132
2731
4900
1148
4984
2675
1409
3597
1580
1860
993
