787
842
755
243
136
51
660
277
616
760
132
831
879
792
186
537
232
620
139
53
16
862
823
203
23
894
441
341
848
66
909
918
400
785
961
947
595
892
758
278
265
641
64
291
312
262
24
546
515
670
347
480
808
667
723
761
712
57
347
454
415
971
352
118
371
900
243
941
433
651
979
870
203
388
360
998
725
151
778
343
991
848
184
61
13
362
260
193
786
768
443
959
924
858
723
598
544
288
357
387
86
606
977
562
871
532
977
995
995
993
150
701
927
988
286
9
667
734
424
230
194
719
934
460
938
499
992
559
676
841
258
874
181
872
75
45
547
110
214
765
27
463
782
951
807
118
827
593
182
51
289
44
563
489
527
161
559
739
437
399
841
786
990
598
692
173
581
884
770
166
860
730
188
725
880
394
715
235
920
79
665
621
956
688
649
283
779
282
981
444
724
561
141
144
142
979
877
290
43
42
544
295
247
916
969
791
703
289
0
383
884
968
721
705
526
877
448
25
373
875
809
36
907
18
372
303
526
381
861
729
329
500
297
686
506
73
989
330
214
160
225
230
609
927
610
337
626
944
997
454
50
496
478
486
845
309
528
578
241
728
424
376
483
820
146
143
978
139
893
544
147
628
514
595
139
442
887
323
163
668
75
935
821
52
858
726
829
279
391
230
91
336
593
417
997
753
918
309
282
87
925
207
345
72
296
419
367
924
54
546
631
501
950
856
779
509
719
104
513
891
829
887
146
177
453
658
492
668
2
693
134
305
752
594
563
193
270
793
744
241
329
986
392
504
379
260
952
285
554
785
276
93
292
592
111
62
752
942
770
259
24
611
532
701
564
445
623
682
480
83
835
4
85
463
300
912
884
608
639
994
38
731
26
594
978
798
984
853
318
370
860
906
230
154
973
646
171
956
72
327
722
346
756
386
165
29
630
458
463
8
964
278
841
916
775
853
122
741
273
104
923
384
486
652
872
727
0
346
978
667
610
821
1
317
158
712
159
905
714
577
456
39
388
694
949
591
774
226
128
0
142
628
826
486
188
261
352
790
342
156
12
975
617
871
208
862
821
616
445
837
3
538
433
458
491
934
823
784
133
326
17
500
185
381
544
630
267
826
500
986
406
159
823
370
89
202
611
170
478
519
364
119
647
568
888
381
180
146
419
619
639
237
648
509
369
432
57
438
501
750
71
424
530
289
973
938
382
209
623
308
725
145
752
786
161
327
841
531
3
302
501
453
824
706
193
334
352
959
241
609
639
805
493
636
990
740
979
2
420
505
319
153
53
282
189
658
189
956
582
601
294
902
64
888
180
913
160
468
274
758
36
683
238
932
139
449
559
893
973
142
7
524
535
453
603
182
430
563
119
298
933
266
302
837
938
850
151
142
314
259
876
299
893
305
636
631
836
484
320
641
863
10
139
209
715
500
810
793
144
570
507
461
521
740
449
777
365
646
501
974
666
862
777
337
257
293
455
560
612
504
694
626
220
515
236
561
800
49
423
334
423
585
61
146
334
256
987
877
357
384
698
621
252
594
854
564
676
109
985
45
328
858
309
189
129
507
782
635
993
440
637
59
767
614
121
661
945
397
423
252
272
620
619
894
221
267
311
927
241
292
880
714
186
366
728
517
482
320
309
168
442
855
673
354
675
492
659
816
765
173
178
371
24
878
970
557
928
404
551
983
70
14
494
42
81
184
491
152
515
437
957
822
631
696
878
33
473
223
719
49
398
709
296
135
954
883
444
70
825
498
747
865
645
479
937
273
982
395
603
161
975
198
378
120
93
296
201
906
739
795
177
716
248
800
923
242
794
69
477
958
4
960
966
687
667
139
67
892
54
4
924
147
476
175
809
283
295
986
37
306
622
541
845
428
168
604
370
305
284
922
441
273
166
243
180
222
116
239
738
878
54
6
473
452
756
748
836
898
809
307
191
837
53
439
951
565
305
850
519
176
596
661
445
442
146
767
539
250
3
45
857
516
674
678
231
14
740
410
744
410
48
231
99
775
550
207
131
900
456
249
766
387
293
386
971
341
796
720
628
287
750
187
875
929
356
184
905
247
135
395
146
38
519
521
940
236
675
328
741
84
335
819
316
565
508
997
368
271
833
553
542
345
303
196
510
225
354
344
84
457
771
565
484
106
426
294
406
160
217
222
626
322
396
597
109
20
653
683
825
99
756
351
338
900
123
156
533
313
15
833
115
985
658
443
643
915
70
234
430
63
492
61
444
73
986
978
404
539
587
942
952
549
257
709
255
764
317
39
92
28
